A068	Morocco_BerberAsni	0.373112 0.049314 0.258364 0.300797 0.018403 0.00001
A078	Morocco_BerberAsni	0.363342 0.056693 0.271179 0.29548 0.013297 0.00001
A038	Morocco_BerberAsni	0.362396 0.065136 0.299651 0.267438 0.005369 0.00001
A128	Morocco_BerberAsni	0.358197 0.014159 0.312067 0.279372 0.028197 0.008008
A129	Morocco_BerberAsni	0.351475 0.032773 0.293359 0.298726 0.023656 0.00001
A104	Morocco_BerberAsni	0.347081 0.038894 0.295595 0.297789 0.011471 0.009169
A002	Morocco_BerberAsni	0.346539 0.001074 0.31505 0.272655 0.039984 0.024697
A048	Morocco_BerberAsni	0.342225 0.020017 0.295186 0.300432 0.033627 0.008513
A039	Morocco_BerberAsni	0.337996 0.034627 0.340484 0.264538 0.021366 0.000988
A089	Morocco_BerberAsni	0.336412 0.052596 0.277424 0.301462 0.032096 0.00001
A049	Morocco_BerberAsni	0.332486 0.043401 0.324282 0.285211 0.01461 0.00001
A011	Morocco_BerberAsni	0.318936 0.047925 0.354761 0.248318 0.027606 0.002453
A072	Morocco_BerberAsni	0.301747 0.081868 0.301736 0.306115 0.004243 0.004291
A110	Morocco_BerberAsni	0.27905 0.080304 0.273372 0.255504 0.012711 0.099059
A074	Morocco_BerberAsni	0.207877 0.065528 0.414474 0.235992 0.030782 0.045347
B099	Morocco_BerberBouhria	0.24382 0.042896 0.2973 0.372957 0.026843 0.016184
B131	Morocco_BerberBouhria	0.231575 0.034598 0.310918 0.367034 0.041533 0.014342
B021	Morocco_BerberBouhria	0.242583 0.020693 0.344998 0.361432 0.009663 0.020631
B033	Morocco_BerberBouhria	0.248633 0.050424 0.339918 0.355665 0.00535 0.00001
B118	Morocco_BerberBouhria	0.234195 0.09184 0.304733 0.353688 0.015535 0.00001
B051	Morocco_BerberBouhria	0.238387 0.033884 0.32851 0.350674 0.035531 0.013014
B055	Morocco_BerberBouhria	0.230341 0.082756 0.308927 0.345138 0.032828 0.00001
B049	Morocco_BerberBouhria	0.239173 0.031436 0.325635 0.339583 0.034609 0.029563
B092	Morocco_BerberBouhria	0.181789 0.041272 0.392588 0.308343 0.039896 0.036112
B039	Morocco_BerberBouhria	0.201347 0.101985 0.258713 0.303604 0.035388 0.098964
F072	Morocco_BerberFiguig	0.249282 0.041641 0.325494 0.344084 0.017636 0.021863
F115	Morocco_BerberFiguig	0.284144 0.001618 0.325202 0.338056 0.012359 0.038622
F039	Morocco_BerberFiguig	0.274783 0.051064 0.306802 0.32711 0.023294 0.016946
F031	Morocco_BerberFiguig	0.298003 0.060258 0.294734 0.325504 0.02149 0.00001
F005	Morocco_BerberFiguig	0.292121 0.022138 0.313475 0.323933 0.0049 0.043434
F069	Morocco_BerberFiguig	0.317407 0.043015 0.291435 0.321143 0.013354 0.013645
F013	Morocco_BerberFiguig	0.287814 0.046764 0.3291 0.319839 0.014898 0.001584
F006	Morocco_BerberFiguig	0.267994 0.079025 0.326638 0.304293 0.014866 0.007183
F094	Morocco_BerberFiguig	0.292857 0.048504 0.322244 0.301087 0.035298 0.00001
gun005_noUDG.SG	aDNA_CanaryIslands_Guanche.SG	0.270229 0.011928 0.270731 0.38191 0.058251 0.00695
gun008_noUDG.SG	aDNA_CanaryIslands_Guanche.SG	0.303765 0.031879 0.278934 0.369666 0.015745 0.00001
gun011_noUDG.SG	aDNA_CanaryIslands_Guanche.SG	0.286313 0.047131 0.318687 0.321944 0.025915 0.00001
gun012_noUDG.SG	aDNA_CanaryIslands_Guanche.SG	0.345443 0.00001 0.291238 0.306767 0.056532 0.00001
gun002_noUDG.SG	aDNA_CanaryIslands_Guanche.SG	0.329177 0.027142 0.315178 0.292836 0.035657 0.00001
ktg004	aDNA_Morocco_EarlyNeolithicCardial	0.147801 0.00001 0.231451 0.620718 0.00001 0.00001
skh001	aDNA_Morocco_MiddleNeolithic	0.23923 0.00001 0.59248 0.16826 0.00001 0.00001
KEB.1_KEB.8_noUDG.WGC	aDNA_Morocco_LN.SG	0.238054 0.00001 0.461292 0.292986 0.007648 0.00001
KEB.4_noUDG.WGC	aDNA_Morocco_LN.SG	0.253229 0.00001 0.392254 0.354487 0.00001 0.00001
KEB.6_noUDG.WGC	aDNA_Morocco_LN.SG	0.290776 0.00001 0.329288 0.379906 0.00001 0.00001
oub002	aDNA_Morocco_Epipalaeolithic	0.995958 0.00001 0.004002 0.00001 0.00001 0.00001
IAM.6_noUDG.WGC	aDNA_Morocco_EN.SG	0.996254 0.00001 0.003706 0.00001 0.00001 0.00001
IAM.4_IAM.5_noUDG.WGC	aDNA_Morocco_EN.SG	0.995765 0.00001 0.004195 0.00001 0.00001 0.00001
IAM.7_noUDG.WGC	aDNA_Morocco_EN.SG	0.990348 0.00001 0.008517 0.001106 0.00001 0.00001
TAF015_noUDG	aDNA_Morocco_Iberomaurusian	0.99995 0.00001 0.00001 0.00001 0.00001 0.00001
TAF014_noUDG	aDNA_Morocco_Iberomaurusian	0.997105 0.00001 0.002855 0.00001 0.00001 0.00001
TAF013_noUDG	aDNA_Morocco_Iberomaurusian	0.996679 0.00001 0.003281 0.00001 0.00001 0.00001
TAF011_noUDG	aDNA_Morocco_Iberomaurusian	0.996665 0.00001 0.003295 0.00001 0.00001 0.00001
TAF010_noUDG	aDNA_Morocco_Iberomaurusian	0.996576 0.00001 0.003384 0.00001 0.00001 0.00001
TAF009_noUDG	aDNA_Morocco_Iberomaurusian	0.99171 0.00001 0.008115 0.000144 0.00001 0.00001
R10766.SG	aDNA_Algeria_NumidoRoman_Berber.SG	0.074109 0.000956 0.373274 0.551642 0.00001 0.00001
R10760.SG	aDNA_Algeria_NumidoRoman_Berber.SG	0.001804 0.000044 0.464755 0.533377 0.00001 0.00001
R10760.SG	aDNA_Algeria_NumidoRoman_Berber.R10770.SG	0.294893 0.014972 0.334699 0.343028 0.012397 0.000010
R11759.SG	aDNA_Tunisia_Punic_oAfrica1.SG	0.370289 0.037916 0.276181 0.283281 0.032323 0.00001
R11791.SG	aDNA_Tunisia_Punic.SG	0.06517 0.00001 0.245939 0.688113 0.00001 0.000757
R11749.SG	aDNA_Tunisia_Punic.SG	0.057805 0.004526 0.262293 0.675357 0.00001 0.00001
R11753.SG	aDNA_Tunisia_Punic.SG	0.020101 0.000867 0.328392 0.650619 0.00001 0.00001
R11780.SG	aDNA_Tunisia_Punic.SG	0.023422 0.00001 0.352795 0.623752 0.00001 0.00001
R11776.SG	aDNA_Tunisia_Punic.SG	0.00001 0.00001 0.366065 0.61333 0.009929 0.010657
R11790.SG	aDNA_Tunisia_Punic_oAfrica2.SG	0.129955 0.00001 0.307182 0.562833 0.00001 0.00001
R11755.SG	aDNA_Tunisia_Punic_oAfrica2.SG	0.137051 0.00317 0.314672 0.545088 0.00001 0.00001
R11746.SG	aDNA_Tunisia_Punic_oAfrica2.SG	0.153283 0.00001 0.304489 0.539996 0.00001 0.002212
R11778.SG	aDNA_Tunisia_Punic_oAfrica2.SG	0.200922 0.00001 0.303556 0.494408 0.001094 0.00001
JK2911	aDNA_Egypt_ThirdIntermediatePeriod	0.086767 0.00001 0.685334 0.226203 0.001676 0.00001
JK2134	aDNA_Egypt_ThirdIntermediatePeriod	0.097446 0.00001 0.615888 0.265815 0.001073 0.019768
I6327	aDNA_Sudan_EarlyChristian_R	0.100769 0.00001 0.4431 0.108474 0.347637 0.00001
I6251	aDNA_Sudan_EarlyChristian_R	0.113565 0.00001 0.404413 0.102063 0.379939 0.00001
I6253	aDNA_Sudan_EarlyChristian_R	0.132142 0.00001 0.388652 0.070735 0.408451 0.00001
I6337	aDNA_Sudan_EarlyChristian_S	0.094363 0.00001 0.463863 0.083778 0.357975 0.00001
I6332	aDNA_Sudan_EarlyChristian_S	0.108982 0.00001 0.429665 0.082877 0.378456 0.00001
I6338	aDNA_Sudan_EarlyChristian_S	0.110683 0.00001 0.406355 0.069531 0.413411 0.00001
I6257	aDNA_Sudan_EarlyChristian_S	0.108358 0.00001 0.403636 0.143648 0.344339 0.00001
I6258	aDNA_Sudan_EarlyChristian_S	0.121347 0.00001 0.392003 0.092808 0.393822 0.00001
I6325	aDNA_Sudan_EarlyChristian_S	0.119283 0.00001 0.358792 0.097923 0.423982 0.00001
I6255	aDNA_Sudan_EarlyChristian_S	0.119598 0.00001 0.356327 0.088738 0.435317 0.00001
I10873	aDNA_Cameroon_SMA	0.00001 0.143219 0.03901 0.002562 0.268511 0.546688
I10874	aDNA_Cameroon_SMA	0.00001 0.156186 0.046153 0.00001 0.265212 0.532429
I10871	aDNA_Cameroon_SMA	0.00001 0.16243 0.02203 0.022059 0.284325 0.509146
I10872_alt	aDNA_Cameroon_SMA	0.00001 0.185784 0.044244 0.01623 0.301049 0.452683
SI-41_noUDG.SG	aDNA_Lebanon_Medieval_o1.SG	0.077562 0.01176 0.237896 0.647613 0.00001 0.025159
SI-39_noUDG.SG	aDNA_Lebanon_Medieval_o2.SG	0.006673 0.00001 0.049932 0.923926 0.000016 0.019443
SI-47_noUDG.SG	aDNA_Lebanon_Medieval_o2.SG	0.020277 0.012662 0.047379 0.913414 0.00001 0.006258
SI-44_noUDG.SG	aDNA_Lebanon_Medieval_o3.SG	0.00001 0.010355 0.497257 0.492358 0.00001 0.00001
SI-53_noUDG.SG	aDNA_Lebanon_Medieval_o4.SG	0.00001 0.00001 0.311148 0.671032 0.00001 0.01779
SI-40_noUDG.SG	aDNA_Lebanon_Medieval_o5.SG	0.022329 0.01845 0.150617 0.807917 0.000021 0.000665
SI-42_noUDG.SG	aDNA_Lebanon_Medieval.SG	0.000297 0.02617 0.599564 0.373949 0.00001 0.00001
SI-38_noUDG.SG	aDNA_Lebanon_Medieval.SG	0.000786 0.00001 0.59762 0.384065 0.00001 0.017508
SI-45_noUDG.SG	aDNA_Lebanon_Medieval.SG	0.00001 0.00001 0.590711 0.395404 0.00001 0.013854
SFI-56_noUDG.SG	aDNA_Lebanon_IA2.SG	0.00001 0.00001 0.692835 0.307125 0.00001 0.00001
SFI-55_noUDG.SG	aDNA_Lebanon_IA2.SG	0.009366 0.00001 0.664259 0.326346 0.00001 0.00001
ERS1790733_noUDG.SG	aDNA_Lebanon_MBA.SG	0.00001 0.00001 0.690824 0.285666 0.00001 0.023481
ERS1790729_noUDG.SG	aDNA_Lebanon_MBA.SG	0.00001 0.00001 0.664777 0.31323 0.000752 0.021221
ERS1790731_noUDG.SG	aDNA_Lebanon_MBA.SG	0.024631 0.004909 0.654334 0.292874 0.00001 0.023242
ERS1790732_noUDG.SG	aDNA_Lebanon_MBA.SG	0.009408 0.022085 0.643996 0.321869 0.002632 0.00001
ERS1790730_noUDG.SG	aDNA_Lebanon_MBA.SG	0.008742 0.014128 0.635748 0.341357 0.00001 0.000015
I1579_enhanced	aDNA_Turkey_N	0.00001 0.00001 0.438811 0.561149 0.00001 0.00001
I1585_enhanced	aDNA_Turkey_N	0.007748 0.00001 0.439546 0.552676 0.00001 0.00001
I1096	aDNA_Turkey_N	0.00001 0.00001 0.447752 0.552208 0.00001 0.00001
I1098	aDNA_Turkey_N	0.003473 0.00001 0.450142 0.546355 0.00001 0.00001
I1580_enhanced	aDNA_Turkey_N	0.00001 0.00001 0.456586 0.543374 0.00001 0.00001
I0707	aDNA_Turkey_N	0.001106 0.00001 0.470854 0.52801 0.00001 0.00001
I0745	aDNA_Turkey_N	0.004888 0.00001 0.469235 0.525847 0.00001 0.00001
I1581_enhanced	aDNA_Turkey_N	0.00001 0.00001 0.478799 0.521161 0.00001 0.00001
I1583_enhanced	aDNA_Turkey_N	0.010145 0.00001 0.474643 0.515182 0.00001 0.00001
I0708	aDNA_Turkey_N	0.00001 0.00001 0.489386 0.510574 0.00001 0.00001
I7527	aDNA_Iran_GanjDareh_N	0.00001 0.00001 0.596026 0.34783 0.007782 0.048342
I1290	aDNA_Iran_GanjDareh_N	0.00001 0.00001 0.595654 0.337671 0.00001 0.066645
S1951.E1.L3_v54.1_addback	aDNA_Iran_GanjDareh_N	0.00001 0.007383 0.590951 0.330056 0.07159 0.00001
I1944	aDNA_Iran_GanjDareh_N	0.00001 0.038383 0.582575 0.379012 0.00001 0.00001
I1949	aDNA_Iran_GanjDareh_N	0.00001 0.029164 0.571756 0.365582 0.010433 0.023054
S1944.E1.L3_v54.1_addback	aDNA_Iran_GanjDareh_N	0.00001 0.088085 0.559268 0.352617 0.00001 0.00001
I1951	aDNA_Iran_GanjDareh_N	0.00001 0.002507 0.558027 0.355553 0.083893 0.00001
I1947	aDNA_Iran_GanjDareh_N	0.00001 0.021633 0.527363 0.400573 0.031448 0.018973
I1954	aDNA_Iran_GanjDareh_N	0.00001 0.046661 0.524039 0.412731 0.016549 0.00001
I1945	aDNA_Iran_GanjDareh_N	0.00001 0.023718 0.511669 0.413258 0.011501 0.039845
I1690	aDNA_Israel_Natufian	0.101779 0.00001 0.898181 0.00001 0.00001 0.00001
I1072_d	aDNA_Israel_Natufian	0.159043 0.00001 0.808556 0.032371 0.00001 0.00001
I0861_d	aDNA_Israel_Natufian	0.199235 0.00001 0.793298 0.007437 0.00001 0.00001
fma25	Mauritania_Fulani_Assaba	0.24439 0.614117 0.02295 0.063996 0.00001 0.054537
fma26	Mauritania_Fulani_Assaba	0.26107 0.573623 0.018841 0.079753 0.00001 0.066704
fma17	Mauritania_Fulani_Assaba	0.29484 0.572626 0.037713 0.077013 0.017798 0.00001
fma15	Mauritania_Fulani_Assaba	0.131737 0.568123 0.034178 0.041552 0.03459 0.18982
fma07	Mauritania_Fulani_Assaba	0.174033 0.548005 0.05253 0.071014 0.0115 0.142918
fma14	Mauritania_Fulani_Assaba	0.202364 0.542356 0.075503 0.070409 0.017122 0.092246
fma27	Mauritania_Fulani_Assaba	0.168461 0.541282 0.061978 0.070284 0.013783 0.144213
fma09	Mauritania_Fulani_Assaba	0.196763 0.541016 0.050968 0.075966 0.051035 0.084252
fma19	Mauritania_Fulani_Assaba	0.176377 0.539713 0.045407 0.096552 0.036897 0.105054
fma29	Mauritania_Fulani_Assaba	0.177148 0.519864 0.041973 0.093706 0.041373 0.125937
fma11	Mauritania_Fulani_Assaba	0.193991 0.51613 0.091784 0.080467 0.038144 0.079484
fma08	Mauritania_Fulani_Assaba	0.209729 0.498528 0.063859 0.081369 0.040766 0.105749
fma20	Mauritania_Fulani_Assaba	0.19605 0.496639 0.061624 0.078279 0.030543 0.136864
fma24	Mauritania_Fulani_Assaba	0.188296 0.486397 0.076676 0.065116 0.022932 0.160583
fma03	Mauritania_Fulani_Assaba	0.046217 0.458561 0.01507 0.005208 0.041497 0.433448
fma18	Mauritania_Fulani_Assaba	0.1723 0.355837 0.125207 0.137983 0.01357 0.195104
195858_G06_TDT5140708	Gambia_Fula	0.031116 0.734116 0.012021 0.00001 0.017876 0.204861
195858_G05_TDT5140670	Gambia_Fula	0.028394 0.71077 0.00001 0.008244 0.031849 0.220733
195851_G12_TDT5140551	Gambia_Fula	0.049684 0.663677 0.006072 0.014389 0.029662 0.236516
195852_G12_TDT5141002	Gambia_Fula	0.061508 0.647013 0.007173 0.025011 0.027514 0.231782
195858_E05_TDT5140662	Gambia_Fula	0.043435 0.641527 0.011571 0.008839 0.052989 0.241638
195863_D05_TDT5141397	Gambia_Fula	0.04223 0.63447 0.00001 0.0351 0.033693 0.254498
195858_A01_TDT5140559	Gambia_Fula	0.022517 0.632932 0.002798 0.028629 0.028398 0.284726
195858_E02_TDT5140586	Gambia_Fula	0.052551 0.63168 0.034913 0.011171 0.026025 0.243661
195859_H04_TDT5141119	Gambia_Fula	0.098517 0.628457 0.030592 0.022547 0.033375 0.186513
195858_A06_TDT5140674	Gambia_Fula	0.073285 0.627717 0.010786 0.037829 0.031727 0.218657
195863_H04_TDT5141382	Gambia_Fula	0.112019 0.623689 0.018165 0.039341 0.056856 0.14993
195852_C12_TDT5140994	Gambia_Fula	0.025067 0.621877 0.004554 0.012526 0.056537 0.279439
195859_F03_TDT5141094	Gambia_Fula	0.044336 0.617115 0.00893 0.011387 0.015798 0.302433
204224_D09_TDT5141300	Gambia_Fula	0.062924 0.613725 0.014245 0.020822 0.043554 0.24473
195858_G03_TDT5140610	Gambia_Fula	0.055155 0.608518 0.01091 0.031728 0.026447 0.267243
195850_E02_TDT5142389	Gambia_Fula	0.10722 0.606685 0.033235 0.052082 0.037563 0.163215
195859_E05_TDT5141133	Gambia_Fula	0.133981 0.601623 0.040734 0.046365 0.028052 0.149245
195858_D05_TDT5140655	Gambia_Fula	0.059968 0.590313 0.012167 0.031719 0.029704 0.276129
195858_F08_TDT5140751	Gambia_Fula	0.032128 0.589566 0.00001 0.015631 0.039303 0.323363
195852_F10_TDT5140952	Gambia_Fula	0.033121 0.589371 0.007353 0.00001 0.04965 0.320494
204224_C12_TDT5141929	Gambia_Fula	0.074221 0.585783 0.028489 0.025002 0.042665 0.243839
195858_G02_TDT5140594	Gambia_Fula	0.031785 0.58402 0.00001 0.008516 0.017775 0.357893
195852_A11_TDT5140962	Gambia_Fula	0.027953 0.583638 0.001055 0.001078 0.045832 0.340444
195858_C02_TDT5140578	Gambia_Fula	0.03945 0.571482 0.004704 0.010519 0.049321 0.324525
195863_H02_TDT5141302	Gambia_Fula	0.128455 0.571402 0.039568 0.062808 0.023746 0.174021
195863_A05_TDT5141390	Gambia_Fula	0.128396 0.570635 0.04531 0.050494 0.024895 0.180271
195858_C05_TDT5140647	Gambia_Fula	0.039851 0.570267 0.009439 0.033779 0.017773 0.32889
195858_E03_TDT5140607	Gambia_Fula	0.026449 0.561185 0.00001 0.00001 0.03689 0.375456
195859_E10_TDT5141212	Gambia_Fula	0.037207 0.556466 0.00001 0.022045 0.039141 0.345131
195852_D11_TDT5140970	Gambia_Fula	0.042111 0.553933 0.005258 0.013405 0.038543 0.34675
195858_E06_TDT5140692	Gambia_Fula	0.021903 0.552779 0.017025 0.012136 0.04095 0.355207
195863_A08_TDT5141441	Gambia_Fula	0.115258 0.549715 0.050277 0.033336 0.028373 0.223041
195856_B09_TDT5142193	Gambia_Fula	0.189416 0.548158 0.046714 0.095618 0.020028 0.100066
195859_H11_TDT5141245	Gambia_Fula	0.161228 0.540579 0.052847 0.051593 0.049109 0.144643
195859_B10_TDT5141204	Gambia_Fula	0.114661 0.531407 0.0299 0.06972 0.032702 0.22161
195855_G01_TDT5141711	Gambia_Fula	0.193393 0.526467 0.050372 0.068344 0.018869 0.142555
195855_A02_TDT5141719	Gambia_Fula	0.210976 0.523786 0.077558 0.072142 0.023178 0.09236
195859_G03_TDT5141095	Gambia_Fula	0.184113 0.523402 0.073264 0.047169 0.036054 0.135997
195852_B05_TDT5140852	Gambia_Fula	0.017253 0.523208 0.003674 0.00001 0.040849 0.415006
195863_A02_TDT5141285	Gambia_Fula	0.169868 0.522911 0.04719 0.062056 0.010397 0.187579
195858_C06_TDT5140682	Gambia_Fula	0.180512 0.521402 0.061698 0.056758 0.036331 0.143299
195863_E07_TDT5141433	Gambia_Fula	0.109366 0.520964 0.027802 0.049271 0.009778 0.282819
195858_F06_TDT5140700	Gambia_Fula	0.036386 0.520695 0.01692 0.006937 0.035075 0.383987
195859_E11_TDT5141237	Gambia_Fula	0.188247 0.520452 0.067702 0.057128 0.024734 0.141738
195859_C10_TDT5141210	Gambia_Fula	0.214367 0.519544 0.056835 0.085321 0.010139 0.113794
195858_C03_TDT5140602	Gambia_Fula	0.0104 0.516629 0.001484 0.00001 0.046059 0.425418
195858_E11_TDT5140778	Gambia_Fula	0.201681 0.515613 0.063325 0.08702 0.015153 0.117208
195852_A04_TDT5140830	Gambia_Fula	0.260795 0.515533 0.013618 0.083419 0.005349 0.121286
204224_G08_TDT5140557	Gambia_Fula	0.145244 0.514462 0.048474 0.074793 0.015013 0.202013
195852_H10_TDT5140960	Gambia_Fula	0.012667 0.512496 0.00001 0.000052 0.048249 0.426525
195858_A07_TDT5140716	Gambia_Fula	0.012378 0.509896 0.00001 0.01636 0.03669 0.424666
195859_F01_TDT5141038	Gambia_Fula	0.020753 0.508889 0.003864 0.011506 0.023606 0.431382
195859_B01_TDT5141008	Gambia_Fula	0.191251 0.507598 0.073124 0.056379 0.021303 0.150346
195856_C09_TDT5142201	Gambia_Fula	0.191312 0.507525 0.059639 0.077171 0.032241 0.132111
195859_F11_TDT5141241	Gambia_Fula	0.227614 0.504384 0.067644 0.086777 0.036165 0.077417
195859_C03_TDT5141090	Gambia_Fula	0.156593 0.503901 0.050444 0.068398 0.025881 0.194783
195859_E01_TDT5141030	Gambia_Fula	0.022392 0.501286 0.002676 0.01156 0.033826 0.42826
195859_H03_TDT5141098	Gambia_Fula	0.165315 0.493102 0.044557 0.082296 0.018536 0.196195
195863_A03_TDT5141310	Gambia_Fula	0.215506 0.491297 0.049828 0.104491 0.022234 0.116644
195858_E10_TDT5140770	Gambia_Fula	0.204367 0.490885 0.05683 0.101461 0.018108 0.128349
195852_A12_TDT5140988	Gambia_Fula	0.22912 0.481789 0.066836 0.095622 0.024731 0.101902
204224_A09_TDT5140974	Gambia_Fula	0.152832 0.481436 0.033399 0.068449 0.011472 0.252412
195852_G04_TDT5140845	Gambia_Fula	0.172231 0.477162 0.059827 0.070723 0.018598 0.201459
195858_H03_TDT5140614	Gambia_Fula	0.192844 0.472742 0.050375 0.077965 0.017778 0.188296
195863_E02_TDT5141293	Gambia_Fula	0.209686 0.466465 0.055514 0.094255 0.020445 0.153634
195859_A06_TDT5141141	Gambia_Fula	0.202271 0.465668 0.085074 0.0743 0.014275 0.158412
195859_G02_TDT5141059	Gambia_Fula	0.001352 0.462103 0.004828 0.008935 0.033843 0.488939
195858_A03_TDT5140599	Gambia_Fula	0.018589 0.456356 0.011584 0.023982 0.036885 0.452604
195859_A03_TDT5141067	Gambia_Fula	0.016443 0.454042 0.00001 0.007381 0.038203 0.483921
195863_H01_TDT5141284	Gambia_Fula	0.020881 0.447883 0.000808 0.011932 0.045198 0.473298
195852_F05_TDT5140860	Gambia_Fula	0.018302 0.443071 0.004167 0.00001 0.039753 0.494696
204224_H12_TDT5142225	Gambia_Fula	0.231962 0.409191 0.068447 0.105742 0.030157 0.154501
195863_D02_TDT5141292	Gambia_Fula	0.011105 0.397452 0.00001 0.012447 0.067699 0.511287
195859_H07_TDT5141169	Gambia_Fula	0.017527 0.343194 0.00001 0.009172 0.020279 0.609818
ffe01	Senegal_Fulani_Linguere	0.079423 0.626695 0.032724 0.017959 0.049738 0.19346
ffe13	Senegal_Fulani_Linguere	0.174004 0.582411 0.037473 0.071103 0.008599 0.126411
ffe14	Senegal_Fulani_Linguere	0.137599 0.565209 0.016128 0.038754 0.002775 0.239534
ffe21	Senegal_Fulani_Linguere	0.202763 0.541472 0.04742 0.099942 0.035682 0.072721
ffe03	Senegal_Fulani_Linguere	0.066983 0.538058 0.003259 0.041357 0.038305 0.312037
ffe23	Senegal_Fulani_Linguere	0.20632 0.533251 0.042069 0.098974 0.028882 0.090503
ffe32	Senegal_Fulani_Linguere	0.200154 0.532367 0.06655 0.082177 0.011828 0.106924
ffe06	Senegal_Fulani_Linguere	0.214254 0.522691 0.079476 0.08232 0.009987 0.091274
ffe24	Senegal_Fulani_Linguere	0.21815 0.512406 0.069404 0.093556 0.033138 0.073346
ffe30	Senegal_Fulani_Linguere	0.190749 0.508166 0.066105 0.080938 0.017065 0.136977
ffe02	Senegal_Fulani_Linguere	0.190247 0.505815 0.064353 0.081384 0.028586 0.129616
ffe15	Senegal_Fulani_Linguere	0.231235 0.504006 0.081774 0.082635 0.013761 0.08659
ffe22	Senegal_Fulani_Linguere	0.210678 0.503754 0.044196 0.10127 0.028224 0.111877
ffe16	Senegal_Fulani_Linguere	0.183982 0.503312 0.055664 0.098799 0.041487 0.116757
ffe20	Senegal_Fulani_Linguere	0.217318 0.497126 0.061736 0.092464 0.037009 0.094348
ffe10	Senegal_Fulani_Linguere	0.231486 0.494995 0.054115 0.108896 0.013909 0.096599
ffe12	Senegal_Fulani_Linguere	0.212935 0.492224 0.055523 0.110964 0.034861 0.093493
ffe28	Senegal_Fulani_Linguere	0.205626 0.485807 0.063756 0.096987 0.037478 0.110345
HAL23	Senegal_Halpularen	0.091081 0.76426 0.00742 0.01358 0.021632 0.102027
HAL22	Senegal_Halpularen	0.051997 0.71893 0.016621 0.009972 0.03956 0.162919
HAL18	Senegal_Halpularen	0.091203 0.683359 0.002074 0.035732 0.016605 0.171027
HAL33	Senegal_Halpularen	0.066811 0.666864 0.012859 0.005381 0.039713 0.208373
HAL24	Senegal_Halpularen	0.061422 0.65107 0.028595 0.00001 0.039124 0.21978
HAL11	Senegal_Halpularen	0.083208 0.646738 0.029496 0.034381 0.014505 0.191673
HAL26	Senegal_Halpularen	0.065603 0.619536 0.016352 0.034309 0.047229 0.216971
HAL07	Senegal_Halpularen	0.058703 0.617359 0.025059 0.00001 0.048184 0.250685
HAL13	Senegal_Halpularen	0.095204 0.612667 0.018288 0.020218 0.037588 0.216034
HAL19	Senegal_Halpularen	0.091466 0.611551 0.01348 0.042274 0.038331 0.202898
HAL30	Senegal_Halpularen	0.058952 0.609284 0.009319 0.02062 0.056048 0.245776
HAL16	Senegal_Halpularen	0.087279 0.595199 0.00919 0.052999 0.048118 0.207214
HAL06	Senegal_Halpularen	0.116577 0.594725 0.033702 0.042826 0.041532 0.170639
HAL12	Senegal_Halpularen	0.096405 0.590479 0.00001 0.040537 0.048045 0.224524
HAL04	Senegal_Halpularen	0.115144 0.589787 0.053779 0.046472 0.04929 0.145528
HAL01	Senegal_Halpularen	0.083987 0.589714 0.024932 0.039681 0.030779 0.230906
HAL09	Senegal_Halpularen	0.111806 0.588868 0.024776 0.049212 0.036384 0.188955
HAL03	Senegal_Halpularen	0.116813 0.583812 0.044754 0.039001 0.033755 0.181866
HAL15	Senegal_Halpularen	0.110263 0.576294 0.033878 0.043432 0.047619 0.188513
HAL14	Senegal_Halpularen	0.111298 0.565926 0.044101 0.037025 0.038676 0.202974
HAL20	Senegal_Halpularen	0.121238 0.5617 0.054982 0.049184 0.032037 0.180859
HAL08	Senegal_Halpularen	0.09756 0.557361 0.047244 0.030263 0.037308 0.230264
HAL17	Senegal_Halpularen	0.101111 0.535505 0.030108 0.035267 0.027958 0.270051
FFD36	Guinea_Fulani	0.090242 0.549793 0.016333 0.025109 0.014228 0.304297
FFD43	Guinea_Fulani	0.131367 0.543127 0.007597 0.038444 0.010698 0.268766
FFD33	Guinea_Fulani	0.025921 0.534011 0.000421 0.003977 0.022373 0.413297
FFD11	Guinea_Fulani	0.113161 0.527715 0.00001 0.045204 0.00001 0.3139
FFD14	Guinea_Fulani	0.207145 0.506684 0.069038 0.079824 0.017368 0.119942
FFD47	Guinea_Fulani	0.169106 0.503043 0.061488 0.066973 0.022371 0.17702
FFD32	Guinea_Fulani	0.098162 0.500821 0.032693 0.063226 0.021094 0.284004
FFD35	Guinea_Fulani	0.160013 0.497897 0.042426 0.076059 0.012639 0.210968
FFD09	Guinea_Fulani	0.156945 0.493976 0.056908 0.060323 0.007176 0.224672
FFD10	Guinea_Fulani	0.104013 0.48708 0.041719 0.043736 0.018653 0.304799
FFD48	Guinea_Fulani	0.15011 0.486456 0.042364 0.002305 0.00001 0.318755
FFD07	Guinea_Fulani	0.18334 0.485197 0.059364 0.079658 0.010996 0.181444
FFD05	Guinea_Fulani	0.157913 0.481602 0.055898 0.068341 0.018318 0.217928
FFD31	Guinea_Fulani	0.182332 0.478161 0.047591 0.091891 0.017693 0.182333
FFD34	Guinea_Fulani	0.16003 0.475783 0.044017 0.057033 0.025751 0.237387
FFD08	Guinea_Fulani	0.050742 0.475105 0.008948 0.027365 0.010799 0.427041
FFD49	Guinea_Fulani	0.013769 0.473387 0.001242 0.006651 0.023487 0.481464
FFD04	Guinea_Fulani	0.113388 0.458439 0.039006 0.037622 0.040202 0.311343
FFD46	Guinea_Fulani	0.037334 0.456742 0.012683 0.008183 0.038758 0.4463
FFD37	Guinea_Fulani	0.030296 0.454764 0.008966 0.016832 0.031182 0.45796
FFD13	Guinea_Fulani	0.14116 0.448036 0.041964 0.051976 0.0441 0.272763
FFD12	Guinea_Fulani	0.011851 0.445566 0.00594 0.00001 0.035834 0.500798
FFD42	Guinea_Fulani	0.016924 0.442983 0.009858 0.007964 0.048018 0.474252
FFD51	Guinea_Fulani	0.018585 0.432128 0.00001 0.001298 0.023768 0.52421
FFD06	Guinea_Fulani	0.001528 0.426116 0.00001 0.001691 0.018694 0.551961
FML24	Mali_Fulani_InnerDelta	0.305537 0.548698 0.036954 0.108791 0.00001 0.00001
FML06	Mali_Fulani_InnerDelta	0.243336 0.498766 0.075337 0.104535 0.00088 0.077146
FML31	Mali_Fulani_InnerDelta	0.348069 0.496183 0.057909 0.089155 0.00001 0.008674
FML21	Mali_Fulani_InnerDelta	0.229661 0.489003 0.086718 0.102563 0.000949 0.091105
FML27	Mali_Fulani_InnerDelta	0.329617 0.488442 0.052861 0.08159 0.00001 0.04748
FML33	Mali_Fulani_InnerDelta	0.227396 0.480291 0.029713 0.113387 0.013644 0.135568
FML10	Mali_Fulani_InnerDelta	0.221197 0.468486 0.068646 0.118319 0.0265 0.096851
FML03	Mali_Fulani_InnerDelta	0.223299 0.461337 0.074425 0.1064 0.034298 0.100241
FML07	Mali_Fulani_InnerDelta	0.217994 0.453041 0.081367 0.124832 0.019168 0.103597
FML18	Mali_Fulani_InnerDelta	0.229997 0.452577 0.070727 0.113052 0.021057 0.11259
FML11	Mali_Fulani_InnerDelta	0.245338 0.45119 0.09485 0.094125 0.034524 0.079973
FML16	Mali_Fulani_InnerDelta	0.238332 0.448971 0.077303 0.111608 0.019758 0.104029
FML08	Mali_Fulani_InnerDelta	0.217544 0.448469 0.069205 0.134266 0.023691 0.106825
FML13	Mali_Fulani_InnerDelta	0.230841 0.44826 0.071134 0.115042 0.042273 0.09245
FML04	Mali_Fulani_InnerDelta	0.250888 0.441579 0.071722 0.109454 0.033626 0.092731
FML02	Mali_Fulani_InnerDelta	0.142625 0.415832 0.037104 0.081935 0.018365 0.304139
FDia15	Mali_Fulani_Diafarabe	0.282402 0.511863 0.014429 0.072667 0.006493 0.112146
FDia14	Mali_Fulani_Diafarabe	0.352698 0.502773 0.031655 0.076822 0.00001 0.036042
FDia38	Mali_Fulani_Diafarabe	0.198585 0.495832 0.044923 0.082968 0.041424 0.136268
FDia06	Mali_Fulani_Diafarabe	0.197249 0.48052 0.05681 0.100686 0.006986 0.15775
FDia34	Mali_Fulani_Diafarabe	0.238609 0.477612 0.065145 0.117697 0.023929 0.077007
FDia05	Mali_Fulani_Diafarabe	0.232439 0.469566 0.078599 0.096286 0.017565 0.105546
FDia11	Mali_Fulani_Diafarabe	0.221858 0.468027 0.038423 0.056644 0.00001 0.215038
FDia17	Mali_Fulani_Diafarabe	0.207699 0.462991 0.067515 0.080177 0.017958 0.163661
FDia36	Mali_Fulani_Diafarabe	0.217897 0.462554 0.080965 0.069598 0.008251 0.160735
FDia40	Mali_Fulani_Diafarabe	0.228335 0.459595 0.081607 0.088008 0.010738 0.131718
FDia32	Mali_Fulani_Diafarabe	0.225778 0.456874 0.088328 0.095917 0.013231 0.119872
FDia09	Mali_Fulani_Diafarabe	0.210133 0.451084 0.062117 0.081592 0.043052 0.152022
FDia41	Mali_Fulani_Diafarabe	0.194964 0.448812 0.052585 0.085448 0.042343 0.175847
FDia25	Mali_Fulani_Diafarabe	0.153657 0.442306 0.042398 0.081896 0.023605 0.256139
FDia22	Mali_Fulani_Diafarabe	0.221421 0.437726 0.08105 0.087233 0.017234 0.155336
FDia16	Mali_Fulani_Diafarabe	0.20526 0.436941 0.053834 0.077869 0.036473 0.189623
FDia27	Mali_Fulani_Diafarabe	0.192472 0.431623 0.072617 0.082596 0.026096 0.194596
FDia37	Mali_Fulani_Diafarabe	0.174661 0.427326 0.071464 0.064599 0.031703 0.230246
FDia31	Mali_Fulani_Diafarabe	0.192425 0.421556 0.064529 0.082242 0.041009 0.198238
FDia07	Mali_Fulani_Diafarabe	0.181535 0.41714 0.051991 0.077661 0.037998 0.233673
FDia08	Mali_Fulani_Diafarabe	0.107196 0.373491 0.039194 0.045522 0.051239 0.383358
FDia39	Mali_Fulani_Diafarabe	0.099378 0.369805 0.008379 0.050468 0.042786 0.429185
FZR17	BurkinaFaso_Fulani_Ziniare	0.254401 0.478629 0.060997 0.095164 0.020106 0.090703
FZR14	BurkinaFaso_Fulani_Ziniare	0.265362 0.477612 0.066901 0.099638 0.01346 0.077026
FZR28	BurkinaFaso_Fulani_Ziniare	0.187321 0.473827 0.043235 0.070506 0.040129 0.184983
FZR23	BurkinaFaso_Fulani_Ziniare	0.256171 0.462948 0.086476 0.087145 0.018857 0.088403
FZR38	BurkinaFaso_Fulani_Ziniare	0.205838 0.46239 0.052891 0.08396 0.032641 0.16228
FZR10	BurkinaFaso_Fulani_Ziniare	0.285106 0.459559 0.04058 0.072874 0.00001 0.141872
FZR18	BurkinaFaso_Fulani_Ziniare	0.254684 0.450997 0.062704 0.115415 0.022025 0.094174
FZR03	BurkinaFaso_Fulani_Ziniare	0.249853 0.448903 0.033849 0.045366 0.00001 0.222019
FZR15	BurkinaFaso_Fulani_Ziniare	0.262558 0.445161 0.084988 0.101918 0.007272 0.098104
FZR02	BurkinaFaso_Fulani_Ziniare	0.168136 0.443321 0.044955 0.075606 0.033847 0.234135
FZR44	BurkinaFaso_Fulani_Ziniare	0.180464 0.442328 0.052356 0.07752 0.033501 0.213831
FZR21	BurkinaFaso_Fulani_Ziniare	0.259035 0.441228 0.097337 0.094329 0.022582 0.085489
FZR06	BurkinaFaso_Fulani_Ziniare	0.278765 0.440097 0.043123 0.052604 0.010754 0.174657
FZR22	BurkinaFaso_Fulani_Ziniare	0.263934 0.439525 0.063359 0.100694 0.028412 0.104076
FZR12	BurkinaFaso_Fulani_Ziniare	0.200357 0.439422 0.043629 0.082228 0.040239 0.194126
FZR53	BurkinaFaso_Fulani_Ziniare	0.196721 0.436002 0.071169 0.092443 0.03143 0.172234
FZR13	BurkinaFaso_Fulani_Ziniare	0.241615 0.435889 0.089233 0.110751 0.008221 0.114291
FZR49	BurkinaFaso_Fulani_Ziniare	0.16739 0.435513 0.041048 0.067442 0.021561 0.267046
FZR01	BurkinaFaso_Fulani_Ziniare	0.202782 0.43283 0.054958 0.082292 0.037298 0.18984
FZR30	BurkinaFaso_Fulani_Ziniare	0.198549 0.432319 0.059488 0.079319 0.030452 0.199873
FZR34	BurkinaFaso_Fulani_Ziniare	0.209197 0.431842 0.060589 0.073638 0.029315 0.195419
FZR24	BurkinaFaso_Fulani_Ziniare	0.244922 0.428655 0.077186 0.079413 0.024297 0.145527
FZR19	BurkinaFaso_Fulani_Ziniare	0.25007 0.424756 0.084981 0.10605 0.025233 0.108911
FZR46	BurkinaFaso_Fulani_Ziniare	0.207044 0.423885 0.056694 0.076702 0.028411 0.207264
FZR27	BurkinaFaso_Fulani_Ziniare	0.19121 0.423661 0.064484 0.098035 0.019361 0.203248
FZR39	BurkinaFaso_Fulani_Ziniare	0.211167 0.421808 0.073062 0.06825 0.030921 0.194793
FZR26	BurkinaFaso_Fulani_Ziniare	0.188456 0.421716 0.060004 0.066445 0.042289 0.221089
FZR16	BurkinaFaso_Fulani_Ziniare	0.194571 0.421492 0.060253 0.063877 0.0258 0.234007
FZR32	BurkinaFaso_Fulani_Ziniare	0.205338 0.421444 0.057223 0.074959 0.030826 0.21021
FZR43	BurkinaFaso_Fulani_Ziniare	0.191581 0.419829 0.067188 0.072266 0.027149 0.221987
FZR37	BurkinaFaso_Fulani_Ziniare	0.19866 0.419816 0.073091 0.071898 0.033179 0.203355
FZR04	BurkinaFaso_Fulani_Ziniare	0.251142 0.419191 0.00001 0.091357 0.00001 0.238291
FZR09	BurkinaFaso_Fulani_Ziniare	0.160965 0.418431 0.058607 0.054515 0.025744 0.281736
FZR42	BurkinaFaso_Fulani_Ziniare	0.155681 0.417891 0.060133 0.056515 0.037401 0.272379
FZR50	BurkinaFaso_Fulani_Ziniare	0.18294 0.416314 0.048179 0.074081 0.030153 0.248333
FZR51	BurkinaFaso_Fulani_Ziniare	0.173701 0.412614 0.060526 0.068988 0.036112 0.248059
FZR11	BurkinaFaso_Fulani_Ziniare	0.166463 0.40982 0.042338 0.095921 0.015968 0.269491
FZR41	BurkinaFaso_Fulani_Ziniare	0.180931 0.409408 0.072663 0.057288 0.031553 0.248157
FZR40	BurkinaFaso_Fulani_Ziniare	0.190035 0.408498 0.062559 0.083517 0.037349 0.218041
FZR47	BurkinaFaso_Fulani_Ziniare	0.199199 0.407912 0.019947 0.098061 0.025798 0.249084
FZR29	BurkinaFaso_Fulani_Ziniare	0.175328 0.405038 0.057761 0.068195 0.034687 0.25899
FZR55	BurkinaFaso_Fulani_Ziniare	0.151979 0.400113 0.04306 0.061081 0.02715 0.316615
FZR48	BurkinaFaso_Fulani_Ziniare	0.205281 0.399028 0.057938 0.068905 0.030521 0.238327
FZR45	BurkinaFaso_Fulani_Ziniare	0.175451 0.395236 0.041236 0.053392 0.050963 0.283722
FZR08	BurkinaFaso_Fulani_Ziniare	0.191683 0.394554 0.056847 0.066483 0.020242 0.270191
FZR33	BurkinaFaso_Fulani_Ziniare	0.177569 0.391195 0.056313 0.068324 0.025343 0.281257
FZR20	BurkinaFaso_Fulani_Ziniare	0.210027 0.389174 0.046506 0.08465 0.043631 0.226013
FZR54	BurkinaFaso_Fulani_Ziniare	0.158598 0.389026 0.034315 0.060382 0.032721 0.324957
FZR52	BurkinaFaso_Fulani_Ziniare	0.14818 0.388622 0.048871 0.06677 0.009131 0.338426
FZR07	BurkinaFaso_Fulani_Ziniare	0.155085 0.375031 0.03883 0.072201 0.036255 0.322598
FZR31	BurkinaFaso_Fulani_Ziniare	0.131367 0.372253 0.03841 0.054461 0.043289 0.36022
FZR35	BurkinaFaso_Fulani_Ziniare	0.180571 0.372119 0.050172 0.070131 0.028454 0.298554
FZR25	BurkinaFaso_Fulani_Ziniare	0.148277 0.368579 0.045161 0.052077 0.025452 0.360454
FZR05	BurkinaFaso_Fulani_Ziniare	0.166563 0.354275 0.050915 0.068471 0.040832 0.318944
FBan64	BurkinaFaso_Fulani_Banfora	0.342384 0.520497 0.049142 0.087957 0.00001 0.00001
FBan90	BurkinaFaso_Fulani_Banfora	0.340028 0.511737 0.03459 0.055201 0.00001 0.058434
FBan73	BurkinaFaso_Fulani_Banfora	0.231674 0.482778 0.05892 0.097558 0.011256 0.117816
FBan89	BurkinaFaso_Fulani_Banfora	0.22969 0.479072 0.050845 0.101942 0.027966 0.110485
FBan53	BurkinaFaso_Fulani_Banfora	0.237044 0.476729 0.079188 0.088673 0.014624 0.103743
FBan79	BurkinaFaso_Fulani_Banfora	0.239084 0.475284 0.039831 0.127663 0.02059 0.097547
FBan97	BurkinaFaso_Fulani_Banfora	0.257811 0.467687 0.076735 0.101215 0.025713 0.070839
FBan82	BurkinaFaso_Fulani_Banfora	0.248059 0.466561 0.087932 0.101661 0.017231 0.078558
FBan69	BurkinaFaso_Fulani_Banfora	0.330804 0.4665 0.038065 0.080325 0.00001 0.084296
FBan92	BurkinaFaso_Fulani_Banfora	0.259085 0.452398 0.065451 0.113963 0.00001 0.109093
FBan93	BurkinaFaso_Fulani_Banfora	0.211976 0.45201 0.057175 0.086696 0.013955 0.178188
FBan55	BurkinaFaso_Fulani_Banfora	0.348192 0.44966 0.036892 0.083033 0.00001 0.082213
FBan88	BurkinaFaso_Fulani_Banfora	0.236127 0.449449 0.054062 0.110954 0.017287 0.132122
Fban51	BurkinaFaso_Fulani_Banfora	0.270109 0.449034 0.059939 0.095915 0.000212 0.12479
FBan63	BurkinaFaso_Fulani_Banfora	0.243454 0.442778 0.07312 0.10622 0.043201 0.091227
FBan85	BurkinaFaso_Fulani_Banfora	0.23292 0.436528 0.076141 0.097572 0.017636 0.139203
FBan77	BurkinaFaso_Fulani_Banfora	0.213007 0.426187 0.044109 0.109294 0.025074 0.182329
FBan80	BurkinaFaso_Fulani_Banfora	0.240135 0.420693 0.073879 0.099475 0.028349 0.137469
FBan99	BurkinaFaso_Fulani_Banfora	0.230678 0.416978 0.081149 0.103982 0.009899 0.157315
Fban52	BurkinaFaso_Fulani_Banfora	0.201928 0.368664 0.063484 0.076148 0.024578 0.265197
ftin12	BurkinaFaso_Fulani_Tindangou	0.290271 0.499755 0.045918 0.060684 0.00001 0.103362
ftin23	BurkinaFaso_Fulani_Tindangou	0.245258 0.494118 0.064016 0.109776 0.013879 0.072953
ftin02	BurkinaFaso_Fulani_Tindangou	0.334422 0.48932 0.046308 0.062823 0.00001 0.067117
ftin04	BurkinaFaso_Fulani_Tindangou	0.360271 0.48558 0.028402 0.067653 0.003473 0.054621
ftin01	BurkinaFaso_Fulani_Tindangou	0.251167 0.479486 0.071874 0.109186 0.0284 0.059887
ftin18	BurkinaFaso_Fulani_Tindangou	0.248942 0.476654 0.081445 0.104024 0.012635 0.0763
ftin29	BurkinaFaso_Fulani_Tindangou	0.267155 0.476262 0.075275 0.096969 0.017216 0.067123
ftin28	BurkinaFaso_Fulani_Tindangou	0.255842 0.473542 0.075538 0.103753 0.015548 0.075776
ftin32	BurkinaFaso_Fulani_Tindangou	0.246295 0.469879 0.050204 0.118493 0.010926 0.104203
ftin06	BurkinaFaso_Fulani_Tindangou	0.22343 0.467752 0.063688 0.075051 0.028455 0.141623
ftin16	BurkinaFaso_Fulani_Tindangou	0.233468 0.464453 0.071659 0.095695 0.020488 0.114237
ftin24	BurkinaFaso_Fulani_Tindangou	0.227133 0.460175 0.063068 0.093234 0.016363 0.140026
Ftin10	BurkinaFaso_Fulani_Tindangou	0.255859 0.459171 0.08041 0.081008 0.023973 0.099579
ftin13	BurkinaFaso_Fulani_Tindangou	0.246449 0.457458 0.058831 0.114773 0.021574 0.100915
ftin22	BurkinaFaso_Fulani_Tindangou	0.243629 0.456324 0.073481 0.10528 0.032506 0.08878
ftin36	BurkinaFaso_Fulani_Tindangou	0.249726 0.45522 0.076373 0.07864 0.019657 0.120383
ftin03	BurkinaFaso_Fulani_Tindangou	0.223057 0.450397 0.068993 0.084699 0.030729 0.142126
ftin33	BurkinaFaso_Fulani_Tindangou	0.239232 0.449995 0.080179 0.108286 0.004413 0.117895
ftin14	BurkinaFaso_Fulani_Tindangou	0.258318 0.447514 0.089194 0.101218 0.02022 0.083535
ftin20	BurkinaFaso_Fulani_Tindangou	0.278071 0.444045 0.057691 0.113938 0.001007 0.105247
ftin35	BurkinaFaso_Fulani_Tindangou	0.220877 0.435386 0.062402 0.090184 0.021419 0.169732
ftin25	BurkinaFaso_Fulani_Tindangou	0.246276 0.414803 0.090174 0.091205 0.00001 0.157532
ftin15	BurkinaFaso_Fulani_Tindangou	0.178628 0.385908 0.06329 0.088223 0.01289 0.271061
ftin05	BurkinaFaso_Fulani_Tindangou	0.180625 0.382471 0.050754 0.085325 0.020974 0.279851
ftin11	BurkinaFaso_Fulani_Tindangou	0.121063 0.356554 0.039893 0.041412 0.040005 0.401072
Ftin9	BurkinaFaso_Fulani_Tindangou	0.022432 0.280268 0.00001 0.00001 0.052952 0.644328
FAba64	Niger_Fulani_Abalak	0.331013 0.523741 0.040107 0.088446 0.00001 0.016683
FAba65	Niger_Fulani_Abalak	0.358583 0.4939 0.047079 0.054904 0.00001 0.045524
FAba76	Niger_Fulani_Abalak	0.25287 0.49203 0.055779 0.088673 0.027611 0.083036
FAba51	Niger_Fulani_Abalak	0.374367 0.491355 0.030689 0.075302 0.00001 0.028277
FAba56	Niger_Fulani_Abalak	0.265172 0.457237 0.087934 0.098329 0.029976 0.061352
FAba68	Niger_Fulani_Abalak	0.279888 0.45599 0.064114 0.099287 0.032584 0.068136
FAba75	Niger_Fulani_Abalak	0.260257 0.448965 0.090431 0.091948 0.00533 0.103069
FAba55	Niger_Fulani_Abalak	0.242512 0.448211 0.053295 0.09748 0.038784 0.119718
FAba73	Niger_Fulani_Abalak	0.282948 0.445744 0.086416 0.092045 0.025054 0.067792
FAba71	Niger_Fulani_Abalak	0.264821 0.444872 0.07596 0.116558 0.029721 0.068068
FAba61	Niger_Fulani_Abalak	0.232761 0.439403 0.091398 0.096378 0.036518 0.103541
FAba60	Niger_Fulani_Abalak	0.224687 0.434459 0.096892 0.067099 0.02303 0.153834
FAba67	Niger_Fulani_Abalak	0.273541 0.425491 0.075466 0.087629 0.029513 0.10836
FAba70	Niger_Fulani_Abalak	0.25456 0.423527 0.092028 0.099093 0.016572 0.11422
FAba54	Niger_Fulani_Abalak	0.280642 0.420977 0.09003 0.096857 0.025136 0.086359
FAba66	Niger_Fulani_Abalak	0.280313 0.417664 0.066701 0.090377 0.047522 0.097422
FAba63	Niger_Fulani_Abalak	0.266011 0.414585 0.078111 0.094264 0.021452 0.125578
FAba74	Niger_Fulani_Abalak	0.238646 0.395267 0.091866 0.090597 0.041931 0.141692
FAba72	Niger_Fulani_Abalak	0.267996 0.384153 0.060344 0.145187 0.031403 0.110918
Fade1	Niger_Fulani_Ader	0.389062 0.496254 0.035054 0.07961 0.00001 0.00001
FAde10	Niger_Fulani_Ader	0.390353 0.487107 0.028662 0.073576 0.00001 0.020292
FAde17	Niger_Fulani_Ader	0.267479 0.477492 0.091906 0.105652 0.00001 0.057462
FAde13	Niger_Fulani_Ader	0.395084 0.473039 0.029927 0.08406 0.00001 0.017881
FAde21	Niger_Fulani_Ader	0.304476 0.472202 0.058996 0.108325 0.026778 0.029222
FAde16	Niger_Fulani_Ader	0.292052 0.470152 0.07014 0.09411 0.013108 0.060437
FAde15	Niger_Fulani_Ader	0.277371 0.464953 0.073459 0.11653 0.022445 0.045243
FAde14	Niger_Fulani_Ader	0.29616 0.462838 0.07893 0.082628 0.027214 0.05223
FAde06	Niger_Fulani_Ader	0.247507 0.45204 0.067503 0.113203 0.029223 0.090523
FAde31	Niger_Fulani_Ader	0.271806 0.444543 0.068186 0.108215 0.036517 0.070733
FAde48	Niger_Fulani_Ader	0.249755 0.441717 0.06954 0.109814 0.022643 0.106531
FAde04	Niger_Fulani_Ader	0.230251 0.419232 0.036959 0.10282 0.049309 0.16143
FAde09	Niger_Fulani_Ader	0.254608 0.414968 0.057974 0.117876 0.035625 0.118949
FAde45	Niger_Fulani_Ader	0.25903 0.413378 0.047252 0.101238 0.057057 0.122045
FAde44	Niger_Fulani_Ader	0.231204 0.411923 0.072852 0.084375 0.034534 0.165111
FAde42	Niger_Fulani_Ader	0.239073 0.40937 0.068366 0.092143 0.051815 0.139233
FAde20	Niger_Fulani_Ader	0.248146 0.406433 0.082191 0.09077 0.048041 0.124418
FAde47	Niger_Fulani_Ader	0.240739 0.391677 0.075387 0.077953 0.070715 0.143529
FAde36	Niger_Fulani_Ader	0.226332 0.383078 0.08104 0.1027 0.050445 0.156405
FAde05	Niger_Fulani_Ader	0.214979 0.374993 0.075773 0.087561 0.060715 0.18598
FBal107	Niger_Fulani_Balatungur	0.400293 0.487333 0.046084 0.066271 0.00001 0.00001
FBal103	Niger_Fulani_Balatungur	0.37661 0.484047 0.054448 0.084876 0.00001 0.00001
FBal112	Niger_Fulani_Balatungur	0.313815 0.483181 0.070308 0.091556 0.010994 0.030146
FBal100	Niger_Fulani_Balatungur	0.29559 0.476557 0.07195 0.099324 0.015353 0.041227
Fbal102	Niger_Fulani_Balatungur	0.253452 0.465522 0.063117 0.077376 0.034415 0.106117
FBal110	Niger_Fulani_Balatungur	0.385415 0.464885 0.021811 0.076843 0.00001 0.051036
FBal108	Niger_Fulani_Balatungur	0.267914 0.458054 0.055825 0.100193 0.038098 0.079917
FBal099	Niger_Fulani_Balatungur	0.351103 0.455521 0.03416 0.068043 0.007643 0.083531
FBal115	Niger_Fulani_Balatungur	0.260665 0.450781 0.054517 0.106315 0.036486 0.091236
FBal117	Niger_Fulani_Balatungur	0.26755 0.430391 0.073794 0.102305 0.038699 0.08726
FBal119	Niger_Fulani_Balatungur	0.251238 0.428248 0.063224 0.107384 0.051108 0.098798
FBal114	Niger_Fulani_Balatungur	0.306551 0.426085 0.081695 0.109574 0.007239 0.068856
FBal118	Niger_Fulani_Balatungur	0.270125 0.424134 0.079977 0.095687 0.045754 0.084322
FBal105	Niger_Fulani_Balatungur	0.281322 0.424056 0.073572 0.108062 0.002832 0.110155
FBal111	Niger_Fulani_Balatungur	0.271805 0.416843 0.068387 0.098782 0.011766 0.132417
Fbal101	Niger_Fulani_Balatungur	0.263633 0.404082 0.067412 0.098834 0.050293 0.115747
FBal104	Niger_Fulani_Balatungur	0.252276 0.403045 0.041477 0.119641 0.049239 0.134321
FBal116	Niger_Fulani_Balatungur	0.25038 0.384878 0.087487 0.102491 0.041248 0.133517
FBal109	Niger_Fulani_Balatungur	0.211473 0.379877 0.067367 0.098678 0.071615 0.170989
Fbal98	Niger_Fulani_Balatungur	0.212854 0.3522 0.065004 0.066039 0.093854 0.210049
fdif51	Niger_Fulani_Diffa	0.278394 0.447964 0.077619 0.10522 0.018129 0.072674
