A074	Morocco_BerberAsni	0.078011 0.162469 0.00245 0.031022 0.437334 0.203178 0.032535 0.053002
A011	Morocco_BerberAsni	0.114422 0.237939 0.038734 0.003616 0.375084 0.226081 0.000272 0.003852
A039	Morocco_BerberAsni	0.095951 0.253086 0.038411 0.00001 0.371848 0.240673 0.00001 0.00001
A002	Morocco_BerberAsni	0.107666 0.25106 0.048339 0.00001 0.340698 0.252207 0.00001 0.00001
A049	Morocco_BerberAsni	0.067177 0.269067 0.028526 0.021113 0.339109 0.274987 0.00001 0.00001
A128	Morocco_BerberAsni	0.090345 0.276053 0.035958 0.00001 0.328694 0.26892 0.00001 0.00001
A104	Morocco_BerberAsni	0.073647 0.268294 0.035419 0.015889 0.318709 0.283857 0.00001 0.004176
A072	Morocco_BerberAsni	0.072539 0.241766 0.008313 0.054542 0.317962 0.292777 0.00001 0.012091
A129	Morocco_BerberAsni	0.111512 0.258201 0.033391 0.00001 0.31583 0.281035 0.00001 0.00001
A038	Morocco_BerberAsni	0.102676 0.278242 0.024781 0.022688 0.31496 0.256633 0.00001 0.00001
A048	Morocco_BerberAsni	0.089013 0.264777 0.036334 0.00001 0.310111 0.292249 0.002266 0.00524
A089	Morocco_BerberAsni	0.064699 0.265189 0.051209 0.030496 0.295669 0.292718 0.00001 0.00001
A078	Morocco_BerberAsni	0.120333 0.274681 0.024001 0.012882 0.27626 0.291823 0.00001 0.00001
A110	Morocco_BerberAsni	0.066846 0.228994 0.00001 0.057384 0.271251 0.253868 0.024744 0.096903
A068	Morocco_BerberAsni	0.124685 0.279532 0.028885 0.004847 0.269177 0.292852 0.000011 0.00001
B092	Morocco_BerberBouhria	0.030697 0.148026 0.018976 0.035507 0.4206 0.278607 0.03253 0.035057
B033	Morocco_BerberBouhria	0.057295 0.197661 0.011059 0.03488 0.37046 0.327963 0.00001 0.000673
B021	Morocco_BerberBouhria	0.05592 0.193817 0.010168 0.007105 0.366845 0.340431 0.005798 0.019917
B049	Morocco_BerberBouhria	0.055721 0.18269 0.050293 0.014979 0.361626 0.309729 0.00001 0.024952
B051	Morocco_BerberBouhria	0.053566 0.193318 0.024104 0.016469 0.348844 0.330109 0.018777 0.014814
B131	Morocco_BerberBouhria	0.06453 0.17727 0.032996 0.013492 0.338323 0.341643 0.014222 0.017523
B055	Morocco_BerberBouhria	0.043325 0.18311 0.034972 0.072637 0.333054 0.325724 0.007169 0.00001
B118	Morocco_BerberBouhria	0.064983 0.18249 0.021752 0.07071 0.326375 0.333208 0.000471 0.00001
B099	Morocco_BerberBouhria	0.086453 0.174457 0.04442 0.008673 0.325664 0.346233 0.00001 0.014091
B039	Morocco_BerberBouhria	0.044505 0.150046 0.056607 0.086427 0.287234 0.28126 0.00001 0.093912
F013	Morocco_BerberFiguig	0.075722 0.220694 0.031824 0.014913 0.354966 0.297118 0.00001 0.004753
F006	Morocco_BerberFiguig	0.064682 0.207517 0.02021 0.057841 0.354202 0.283411 0.00001 0.012126
F072	Morocco_BerberFiguig	0.045027 0.197185 0.029012 0.030036 0.353028 0.322659 0.00001 0.023043
F115	Morocco_BerberFiguig	0.036921 0.229157 0.022843 0.00001 0.352419 0.321521 0.00001 0.037119
F094	Morocco_BerberFiguig	0.074187 0.21944 0.046982 0.028735 0.351706 0.278921 0.00001 0.000019
F005	Morocco_BerberFiguig	0.021817 0.238182 0.030498 0.01896 0.339593 0.310475 0.00001 0.040464
F039	Morocco_BerberFiguig	0.045254 0.223471 0.025346 0.038488 0.32702 0.312869 0.003222 0.024331
F069	Morocco_BerberFiguig	0.092093 0.235733 0.03312 0.009423 0.318981 0.298968 0.00001 0.011672
F031	Morocco_BerberFiguig	0.074439 0.229454 0.029455 0.040167 0.316354 0.31011 0.00001 0.00001
gun005_noUDG.SG	aDNA_CanaryIslands_Guanche.SG	0.069354 0.210273 0.039512 0.00001 0.281192 0.370739 0.028635 0.000285
gun008_noUDG.SG	aDNA_CanaryIslands_Guanche.SG	0.089558 0.243862 0.007678 0.000936 0.278077 0.366494 0.013386 0.00001
gun011_noUDG.SG	aDNA_CanaryIslands_Guanche.SG	0.068503 0.23448 0.009471 0.02634 0.330708 0.309384 0.021103 0.00001
gun012_noUDG.SG	aDNA_CanaryIslands_Guanche.SG	0.063519 0.273052 0.042314 0.00001 0.312595 0.294259 0.01424 0.00001
gun002_noUDG.SG	aDNA_CanaryIslands_Guanche.SG	0.125441 0.229147 0.037036 0.00001 0.34335 0.264996 0.00001 0.00001
ktg004	aDNA_Morocco_EarlyNeolithicCardial	0.000011 0.130109 0.00001 0.00001 0.267618 0.602222 0.00001 0.00001
skh001	aDNA_Morocco_MiddleNeolithic	0.00001 0.235695 0.00001 0.00001 0.606513 0.145929 0.011822 0.00001
KEB.1_KEB.8_noUDG.WGC	aDNA_Morocco_LN.SG	0.00001 0.229269 0.00001 0.00001 0.477858 0.270001 0.022832 0.00001
KEB.4_noUDG.WGC	aDNA_Morocco_LN.SG	0.00001 0.235803 0.00001 0.00001 0.420685 0.34346 0.00001 0.00001
KEB.6_noUDG.WGC	aDNA_Morocco_LN.SG	0.044208 0.219223 0.00001 0.00001 0.372317 0.364211 0.00001 0.00001
oub002	aDNA_Morocco_Epipalaeolithic	0.006779 0.989983 0.000839 0.00001 0.002349 0.00002 0.00001 0.00001
IAM.6_noUDG.WGC	aDNA_Morocco_EN.SG	0.00001 0.99683 0.00001 0.000012 0.00001 0.00001 0.003109 0.00001
IAM.4_IAM.5_noUDG.WGC	aDNA_Morocco_EN.SG	0.006038 0.989944 0.00001 0.00001 0.00001 0.003969 0.00001 0.00001
IAM.7_noUDG.WGC	aDNA_Morocco_EN.SG	0.000011 0.989088 0.00001 0.00001 0.002952 0.007909 0.00001 0.00001
TAF011_noUDG	aDNA_Morocco_Iberomaurusian	0.003122 0.992242 0.002785 0.00001 0.00001 0.001811 0.00001 0.00001
TAF014_noUDG	aDNA_Morocco_Iberomaurusian	0.003911 0.991755 0.001582 0.00001 0.000195 0.002527 0.00001 0.00001
TAF013_noUDG	aDNA_Morocco_Iberomaurusian	0.005421 0.991056 0.00001 0.00001 0.001253 0.00223 0.00001 0.00001
TAF010_noUDG	aDNA_Morocco_Iberomaurusian	0.004084 0.990611 0.00001 0.00001 0.000013 0.005251 0.00001 0.00001
TAF009_noUDG	aDNA_Morocco_Iberomaurusian	0.00001 0.986551 0.00001 0.00001 0.002474 0.010925 0.00001 0.00001
TAF015_noUDG	aDNA_Morocco_Iberomaurusian	0.003212 0.982011 0.00001 0.00487 0.00001 0.009867 0.00001 0.00001
R10760.SG	aDNA_Algeria_NumidoRoman_Berber.SG	0.006174 0.00001 0.00001 0.00001 0.536573 0.457203 0.00001 0.00001
R10766.SG	aDNA_Algeria_NumidoRoman_Berber.SG	0.015907 0.050005 0.010047 0.00001 0.426758 0.497253 0.00001 0.00001
R10760.SG	aDNA_Algeria_NumidoRoman_Berber.R10770.SG	0.095901 0.212398 0.010004 0.000010 0.366143 0.315524 0.000010 0.000010
R11759.SG	aDNA_Tunisia_Punic_oAfrica1.SG	0.107129 0.290961 0.043557 0.00001 0.283612 0.274711 0.00001 0.00001
R11791.SG	aDNA_Tunisia_Punic.SG	0.000011 0.054082 0.000011 0.00001 0.289922 0.652318 0.00001 0.003637
R11749.SG	aDNA_Tunisia_Punic.SG	0.024036 0.037965 0.00001 0.00001 0.303031 0.634928 0.00001 0.00001
R11753.SG	aDNA_Tunisia_Punic.SG	0.008416 0.015864 0.00001 0.001037 0.368566 0.606088 0.00001 0.00001
R11780.SG	aDNA_Tunisia_Punic.SG	0.00001 0.019421 0.00001 0.00001 0.415293 0.565236 0.00001 0.00001
R11776.SG	aDNA_Tunisia_Punic.SG	0.00001 0.010502 0.00001 0.00001 0.409168 0.558748 0.013008 0.008544
R11790.SG	aDNA_Tunisia_Punic_oAfrica2.SG	0.013336 0.097247 0.008067 0.00001 0.359401 0.521919 0.00001 0.00001
R11755.SG	aDNA_Tunisia_Punic_oAfrica2.SG	0.030083 0.103072 0.003892 0.00001 0.356398 0.506525 0.00001 0.00001
R11746.SG	aDNA_Tunisia_Punic_oAfrica2.SG	0.017226 0.121365 0.011318 0.00001 0.345978 0.504082 0.00001 0.00001
R11778.SG	aDNA_Tunisia_Punic_oAfrica2.SG	0.035473 0.161335 0.000901 0.00001 0.330403 0.471859 0.00001 0.00001
JK2911	aDNA_Egypt_ThirdIntermediatePeriod	0.00001 0.083253 0.00001 0.00001 0.747413 0.151849 0.017446 0.00001
JK2134	aDNA_Egypt_ThirdIntermediatePeriod	0.000011 0.090458 0.00353 0.00001 0.685093 0.192392 0.004313 0.024193
I6327	aDNA_Sudan_EarlyChristian_R	0.00001 0.087801 0.180263 0.00001 0.466531 0.069598 0.195777 0.00001
I6251	aDNA_Sudan_EarlyChristian_R	0.00886 0.084699 0.223276 0.00001 0.434209 0.06216 0.186776 0.00001
I6253	aDNA_Sudan_EarlyChristian_R	0.009339 0.095712 0.207554 0.00001 0.414488 0.036294 0.236592 0.00001
I6337	aDNA_Sudan_EarlyChristian_S	0.018455 0.07059 0.177812 0.00001 0.492407 0.037895 0.202821 0.00001
I6332	aDNA_Sudan_EarlyChristian_S	0.000011 0.09505 0.201298 0.00001 0.455642 0.040842 0.207138 0.00001
I6257	aDNA_Sudan_EarlyChristian_S	0.003147 0.082418 0.193295 0.00001 0.435541 0.103258 0.182321 0.00001
I6338	aDNA_Sudan_EarlyChristian_S	0.00001 0.097939 0.206578 0.00001 0.427284 0.030097 0.238071 0.00001
I6258	aDNA_Sudan_EarlyChristian_S	0.015304 0.088639 0.239994 0.00001 0.420576 0.052487 0.182981 0.00001
I6255	aDNA_Sudan_EarlyChristian_S	0.000011 0.087112 0.289912 0.00001 0.39523 0.044005 0.18371 0.00001
I6325	aDNA_Sudan_EarlyChristian_S	0.00001 0.090011 0.271202 0.00001 0.388476 0.05978 0.190501 0.00001
I10873	aDNA_Cameroon_SMA	0.00001 0.00001 0.00001 0.124442 0.00001 0.018265 0.346762 0.510491
I10874	aDNA_Cameroon_SMA	0.00001 0.00001 0.00001 0.136033 0.00001 0.022648 0.351038 0.490242
I10871	aDNA_Cameroon_SMA	0.00001 0.00001 0.00001 0.148035 0.00001 0.028353 0.34645 0.477123
I10872_alt	aDNA_Cameroon_SMA	0.00001 0.00001 0.00001 0.178113 0.00001 0.038452 0.360839 0.422557
SI-41_noUDG.SG	aDNA_Lebanon_Medieval_o1.SG	0.020161 0.059626 0.00123 0.006836 0.266543 0.619318 0.00001 0.026275
SI-39_noUDG.SG	aDNA_Lebanon_Medieval_o2.SG	0.00001 0.00001 0.006324 0.00001 0.068813 0.909664 0.000011 0.015158
SI-47_noUDG.SG	aDNA_Lebanon_Medieval_o2.SG	0.024344 0.017028 0.00001 0.00001 0.052996 0.902741 0.00001 0.002861
SI-44_noUDG.SG	aDNA_Lebanon_Medieval_o3.SG	0.002104 0.00001 0.000011 0.012447 0.570521 0.414886 0.000011 0.00001
SI-53_noUDG.SG	aDNA_Lebanon_Medieval_o4.SG	0.00001 0.00001 0.00001 0.00001 0.362017 0.61862 0.00001 0.019313
SI-40_noUDG.SG	aDNA_Lebanon_Medieval_o5.SG	0.00001 0.031186 0.00001 0.018018 0.159385 0.791043 0.000338 0.00001
SI-42_noUDG.SG	aDNA_Lebanon_Medieval.SG	0.000011 0.003161 0.01063 0.0198 0.683437 0.28294 0.00001 0.00001
SI-45_noUDG.SG	aDNA_Lebanon_Medieval.SG	0.00001 0.000208 0.00001 0.00001 0.679762 0.302159 0.00001 0.01783
SI-38_noUDG.SG	aDNA_Lebanon_Medieval.SG	0.00001 0.009679 0.00001 0.00001 0.678381 0.294803 0.00001 0.017097
SFI-56_noUDG.SG	aDNA_Lebanon_IA2.SG	0.000011 0.018516 0.000013 0.00001 0.762484 0.218947 0.00001 0.00001
SFI-55_noUDG.SG	aDNA_Lebanon_IA2.SG	0.000018 0.008981 0.000011 0.00001 0.753124 0.232771 0.005075 0.00001
ERS1790733_noUDG.SG	aDNA_Lebanon_MBA.SG	0.00001 0.00001 0.00001 0.00001 0.782397 0.188546 0.00001 0.029006
ERS1790729_noUDG.SG	aDNA_Lebanon_MBA.SG	0.00001 0.00001 0.00001 0.00001 0.741714 0.228845 0.008404 0.020996
ERS1790731_noUDG.SG	aDNA_Lebanon_MBA.SG	0.00001 0.035476 0.00001 0.004979 0.716065 0.217495 0.00001 0.025955
ERS1790730_noUDG.SG	aDNA_Lebanon_MBA.SG	0.00552 0.017711 0.00001 0.012891 0.710634 0.253214 0.00001 0.00001
ERS1790732_noUDG.SG	aDNA_Lebanon_MBA.SG	0.00001 0.022942 0.00001 0.019723 0.710501 0.237803 0.009001 0.00001
I0708	aDNA_Turkey_N	0.000011 0.000012 0.000011 0.000011 0.571679 0.428257 0.00001 0.00001
I1581_enhanced	aDNA_Turkey_N	0.00001 0.000897 0.00001 0.00001 0.554998 0.444055 0.00001 0.00001
I1583_enhanced	aDNA_Turkey_N	0.000011 0.009897 0.00001 0.00001 0.553728 0.436323 0.00001 0.00001
I0707	aDNA_Turkey_N	0.00001 0.007639 0.00001 0.00001 0.549409 0.442901 0.00001 0.00001
I0745	aDNA_Turkey_N	0.00001 0.010985 0.00001 0.00001 0.540357 0.448608 0.00001 0.00001
I1580_enhanced	aDNA_Turkey_N	0.00001 0.00001 0.00001 0.00001 0.535319 0.464621 0.00001 0.00001
I1096	aDNA_Turkey_N	0.00001 0.000011 0.000012 0.00001 0.529134 0.470803 0.00001 0.00001
I1098	aDNA_Turkey_N	0.00001 0.007046 0.00001 0.00001 0.524697 0.468207 0.00001 0.00001
I1585_enhanced	aDNA_Turkey_N	0.00001 0.005532 0.00001 0.00001 0.514964 0.479454 0.00001 0.00001
I1579_enhanced	aDNA_Turkey_N	0.000011 0.001836 0.00001 0.00001 0.514692 0.483421 0.00001 0.00001
S1951.E1.L3_v54.1_addback	aDNA_Iran_GanjDareh_N	0.00001 0.00001 0.062201 0.017032 0.779159 0.141568 0.00001 0.00001
I1951	aDNA_Iran_GanjDareh_N	0.00001 0.00001 0.071841 0.01608 0.733249 0.17879 0.00001 0.00001
I7527	aDNA_Iran_GanjDareh_N	0.00001 0.00001 0.020847 0.00001 0.71112 0.230233 0.00001 0.03776
I1290	aDNA_Iran_GanjDareh_N	0.00001 0.00001 0.00319 0.000309 0.695348 0.234598 0.00001 0.066525
I1944	aDNA_Iran_GanjDareh_N	0.00001 0.00001 0.00001 0.040004 0.69524 0.264706 0.00001 0.00001
S1944.E1.L3_v54.1_addback	aDNA_Iran_GanjDareh_N	0.00001 0.00001 0.00001 0.088334 0.682286 0.22933 0.00001 0.00001
I1949	aDNA_Iran_GanjDareh_N	0.019658 0.00001 0.024831 0.027225 0.668156 0.2601 0.00001 0.00001
I1947	aDNA_Iran_GanjDareh_N	0.00001 0.00001 0.02597 0.020942 0.625813 0.299073 0.008547 0.019636
I1954	aDNA_Iran_GanjDareh_N	0.00001 0.00001 0.026139 0.040726 0.623936 0.30916 0.00001 0.00001
I1945	aDNA_Iran_GanjDareh_N	0.00001 0.00001 0.012851 0.030215 0.605778 0.316541 0.00001 0.034584
I1690	aDNA_Israel_Natufian	0.00001 0.156314 0.00001 0.00001 0.843624 0.000012 0.00001 0.00001
I1072_d	aDNA_Israel_Natufian	0.00001 0.186166 0.00001 0.00001 0.813773 0.000011 0.00001 0.00001
I0861_d	aDNA_Israel_Natufian	0.00001 0.234094 0.00001 0.00001 0.717662 0.000012 0.048191 0.00001
fma17	Mauritania_Fulani_Assaba	0.704664 0.029796 0.0014 0.206206 0.009736 0.020812 0.027376 0.00001
fma26	Mauritania_Fulani_Assaba	0.670113 0.004699 0.00001 0.258476 0.003693 0.022719 0.00001 0.04028
fma25	Mauritania_Fulani_Assaba	0.636312 0.011837 0.00001 0.30409 0.00001 0.014161 0.00001 0.033569
fma11	Mauritania_Fulani_Assaba	0.405445 0.041271 0.025015 0.315114 0.078482 0.045814 0.027701 0.061158
fma08	Mauritania_Fulani_Assaba	0.401858 0.047514 0.041706 0.300016 0.055544 0.04793 0.016332 0.0891
fma20	Mauritania_Fulani_Assaba	0.392787 0.046149 0.027316 0.299208 0.046702 0.049712 0.017681 0.120446
fma14	Mauritania_Fulani_Assaba	0.384823 0.052804 0.021689 0.351417 0.066937 0.038448 0.008204 0.075677
fma24	Mauritania_Fulani_Assaba	0.377106 0.042103 0.022875 0.301338 0.065341 0.03498 0.015039 0.141219
fma09	Mauritania_Fulani_Assaba	0.373012 0.045645 0.056801 0.35327 0.04558 0.044966 0.012064 0.068662
fma19	Mauritania_Fulani_Assaba	0.36944 0.03602 0.027004 0.35596 0.031154 0.069322 0.023595 0.087505
fma29	Mauritania_Fulani_Assaba	0.359697 0.036563 0.051856 0.339759 0.033345 0.063945 0.005409 0.109425
fma07	Mauritania_Fulani_Assaba	0.344142 0.039327 0.02291 0.374197 0.043906 0.045717 0.004774 0.125029
fma27	Mauritania_Fulani_Assaba	0.337445 0.038242 0.031381 0.370082 0.054076 0.040579 0.00001 0.128186
fma15	Mauritania_Fulani_Assaba	0.230641 0.040868 0.025358 0.448882 0.025403 0.02718 0.025492 0.176175
fma18	Mauritania_Fulani_Assaba	0.117037 0.11208 0.025719 0.299777 0.12815 0.127086 0.00001 0.19014
fma03	Mauritania_Fulani_Assaba	0.082712 0.017159 0.032271 0.411255 0.008441 0.001801 0.028916 0.417446
195858_G06_TDT5140708	Gambia_Fula	0.050661 0.013141 0.021024 0.700536 0.007802 0.00001 0.007614 0.199211
195858_G05_TDT5140670	Gambia_Fula	0.072787 0.002668 0.028051 0.666882 0.00001 0.000204 0.018474 0.210924
195851_G12_TDT5140551	Gambia_Fula	0.064034 0.021418 0.040367 0.625141 0.006377 0.009895 0.004093 0.228675
195858_E05_TDT5140662	Gambia_Fula	0.062717 0.018196 0.041334 0.603603 0.011224 0.002753 0.027583 0.23259
195858_A01_TDT5140559	Gambia_Fula	0.049184 0.007901 0.02219 0.599775 0.000091 0.025482 0.018991 0.276387
195852_C12_TDT5140994	Gambia_Fula	0.036589 0.009969 0.045761 0.59597 0.005475 0.00893 0.027401 0.269904
195863_D05_TDT5141397	Gambia_Fula	0.069721 0.01357 0.036153 0.593403 0.00001 0.03056 0.01113 0.245454
195852_G12_TDT5141002	Gambia_Fula	0.094921 0.01991 0.040859 0.591823 0.006786 0.019556 0.004444 0.2217
195858_E02_TDT5140586	Gambia_Fula	0.103486 0.015191 0.017756 0.575259 0.032423 0.001994 0.020757 0.233134
195858_A06_TDT5140674	Gambia_Fula	0.109494 0.025062 0.041461 0.569077 0.012013 0.028834 0.006607 0.207452
195859_F03_TDT5141094	Gambia_Fula	0.088357 0.013013 0.012084 0.566846 0.002281 0.008274 0.017703 0.291442
204224_D09_TDT5141300	Gambia_Fula	0.090878 0.023858 0.0438 0.562085 0.012928 0.015775 0.017093 0.233582
195852_F10_TDT5140952	Gambia_Fula	0.054762 0.011414 0.037873 0.553346 0.004345 0.00001 0.029035 0.309215
195858_F08_TDT5140751	Gambia_Fula	0.06056 0.010263 0.019413 0.553058 0.00001 0.009649 0.034768 0.312279
195852_A11_TDT5140962	Gambia_Fula	0.050381 0.009491 0.031889 0.55145 0.00001 0.00001 0.027262 0.329507
195858_G03_TDT5140610	Gambia_Fula	0.118454 0.01346 0.018158 0.543205 0.006226 0.023732 0.020338 0.256427
195858_G02_TDT5140594	Gambia_Fula	0.077832 0.002414 0.021064 0.540365 0.00001 0.001051 0.013171 0.344093
195859_H04_TDT5141119	Gambia_Fula	0.180547 0.026061 0.038019 0.534037 0.026015 0.009553 0.012102 0.173665
195858_C02_TDT5140578	Gambia_Fula	0.067903 0.01386 0.02976 0.53356 0.00001 0.007025 0.035285 0.312595
195858_E03_TDT5140607	Gambia_Fula	0.039393 0.008862 0.03962 0.533429 0.00001 0.00001 0.013915 0.364761
195863_H04_TDT5141382	Gambia_Fula	0.195184 0.030762 0.056162 0.522229 0.014812 0.025678 0.01737 0.137803
195858_E06_TDT5140692	Gambia_Fula	0.049508 0.00409 0.042775 0.522036 0.017388 0.006834 0.014349 0.343018
195858_D05_TDT5140655	Gambia_Fula	0.136172 0.011714 0.01507 0.517282 0.004476 0.023312 0.027808 0.264166
195859_E10_TDT5141212	Gambia_Fula	0.075277 0.008815 0.039578 0.511704 0.00001 0.016304 0.016154 0.332157
195858_C05_TDT5140647	Gambia_Fula	0.106056 0.003073 0.011299 0.510508 0.006124 0.025885 0.020031 0.317023
204224_C12_TDT5141929	Gambia_Fula	0.147192 0.014269 0.046976 0.509043 0.026548 0.013087 0.014196 0.228688
195852_D11_TDT5140970	Gambia_Fula	0.078916 0.010915 0.036635 0.508922 0.005311 0.00692 0.017517 0.334864
195852_B05_TDT5140852	Gambia_Fula	0.03493 0.005506 0.030574 0.498304 0.00001 0.00001 0.026834 0.403831
195858_A07_TDT5140716	Gambia_Fula	0.023047 0.0066 0.026193 0.491229 0.00001 0.013871 0.0261 0.412951
195858_C03_TDT5140602	Gambia_Fula	0.036172 0.00001 0.043821 0.488813 0.00001 0.00001 0.021318 0.409846
195852_H10_TDT5140960	Gambia_Fula	0.038451 0.00001 0.030631 0.484067 0.00001 0.00001 0.032864 0.413957
195850_E02_TDT5142389	Gambia_Fula	0.237808 0.020507 0.028639 0.48405 0.022963 0.033834 0.025077 0.147122
195859_F01_TDT5141038	Gambia_Fula	0.05204 0.000375 0.037406 0.475515 0.005691 0.007623 0.004169 0.41718
195859_E01_TDT5141030	Gambia_Fula	0.044181 0.009221 0.013891 0.472826 0.00001 0.008135 0.037315 0.414421
195858_F06_TDT5140700	Gambia_Fula	0.081822 0.00589 0.036094 0.472635 0.016706 0.00001 0.017001 0.369842
195859_E05_TDT5141133	Gambia_Fula	0.264922 0.030103 0.030847 0.466544 0.036688 0.024603 0.01101 0.135284
195859_G02_TDT5141059	Gambia_Fula	0.019661 0.00001 0.021391 0.4435 0.001018 0.007362 0.031238 0.475819
195863_A05_TDT5141390	Gambia_Fula	0.257733 0.030124 0.020045 0.442486 0.035862 0.030842 0.019094 0.163815
195863_A08_TDT5141441	Gambia_Fula	0.235026 0.025686 0.028315 0.431688 0.043131 0.01387 0.016468 0.205816
195859_A03_TDT5141067	Gambia_Fula	0.038802 0.002628 0.032922 0.430335 0.00001 0.002747 0.024924 0.467632
195863_H01_TDT5141284	Gambia_Fula	0.029146 0.008931 0.043354 0.427004 0.00001 0.01101 0.021784 0.458762
195863_H02_TDT5141302	Gambia_Fula	0.284738 0.024608 0.019241 0.426888 0.029042 0.039494 0.018236 0.157753
195858_A03_TDT5140599	Gambia_Fula	0.052109 0.001926 0.028035 0.425074 0.008261 0.020448 0.027422 0.436723
195852_F05_TDT5140860	Gambia_Fula	0.027526 0.009403 0.024927 0.424164 0.001439 0.00001 0.031727 0.480804
195863_E07_TDT5141433	Gambia_Fula	0.228882 0.020638 0.018516 0.408583 0.023926 0.028886 0.006501 0.264069
195859_B10_TDT5141204	Gambia_Fula	0.251016 0.020772 0.022024 0.402456 0.02037 0.051016 0.024814 0.207533
195859_H11_TDT5141245	Gambia_Fula	0.312196 0.038169 0.042895 0.383519 0.04336 0.026648 0.024117 0.129097
195863_D02_TDT5141292	Gambia_Fula	0.03035 0.00001 0.057125 0.376088 0.00001 0.009592 0.033029 0.493797
195856_B09_TDT5142193	Gambia_Fula	0.394881 0.032629 0.032926 0.356762 0.039441 0.061402 0.001495 0.080464
204224_G08_TDT5140557	Gambia_Fula	0.317119 0.025591 0.007689 0.356539 0.037194 0.050926 0.021112 0.183828
195858_C06_TDT5140682	Gambia_Fula	0.34507 0.045188 0.030624 0.348607 0.051848 0.030215 0.022074 0.126374
195859_C03_TDT5141090	Gambia_Fula	0.318047 0.03341 0.037617 0.345359 0.04192 0.042194 0.00465 0.176804
195859_G03_TDT5141095	Gambia_Fula	0.356288 0.046979 0.033907 0.343096 0.060791 0.019492 0.018575 0.120872
195863_A02_TDT5141285	Gambia_Fula	0.357351 0.030681 0.030593 0.342651 0.041088 0.031903 0.00001 0.165723
195855_G01_TDT5141711	Gambia_Fula	0.380176 0.043386 0.035398 0.336128 0.042188 0.036887 0.00001 0.125826
204224_A09_TDT5140974	Gambia_Fula	0.296397 0.036156 0.028641 0.334313 0.025942 0.045439 0.00001 0.233102
195855_A02_TDT5141719	Gambia_Fula	0.39606 0.054637 0.033803 0.329885 0.066853 0.041342 0.002048 0.075372
195859_H07_TDT5141169	Gambia_Fula	0.028636 0.005119 0.046372 0.323128 0.00001 0.007031 0.00001 0.589693
195859_E11_TDT5141237	Gambia_Fula	0.396109 0.039932 0.022897 0.32141 0.051974 0.028092 0.016817 0.12277
195859_H03_TDT5141098	Gambia_Fula	0.346171 0.032567 0.028115 0.31877 0.037891 0.052778 0.005627 0.178082
195856_C09_TDT5142201	Gambia_Fula	0.385788 0.042111 0.030906 0.316286 0.047626 0.046966 0.017351 0.112967
195858_E11_TDT5140778	Gambia_Fula	0.42714 0.040267 0.01466 0.306623 0.048985 0.053589 0.014143 0.094594
195859_B01_TDT5141008	Gambia_Fula	0.40276 0.036596 0.031457 0.305946 0.065662 0.020989 0.005457 0.131133
195859_C10_TDT5141210	Gambia_Fula	0.430796 0.044616 0.026526 0.303192 0.048126 0.049498 0.00001 0.097236
195852_G04_TDT5140845	Gambia_Fula	0.355347 0.033172 0.019016 0.300576 0.050932 0.041365 0.013689 0.185904
195859_F11_TDT5141241	Gambia_Fula	0.431197 0.057658 0.033064 0.292372 0.054045 0.053116 0.018974 0.059575
195858_E10_TDT5140770	Gambia_Fula	0.414436 0.042903 0.030334 0.286734 0.045284 0.065456 0.003288 0.111564
195858_H03_TDT5140614	Gambia_Fula	0.38278 0.04422 0.031865 0.280751 0.040409 0.047667 0.001685 0.170622
195863_E02_TDT5141293	Gambia_Fula	0.396518 0.054983 0.026417 0.272653 0.043977 0.063093 0.007573 0.134787
195863_A03_TDT5141310	Gambia_Fula	0.444204 0.042202 0.029044 0.267404 0.037158 0.069466 0.010409 0.100112
195852_A12_TDT5140988	Gambia_Fula	0.457466 0.051737 0.022858 0.257596 0.047002 0.063075 0.017031 0.083237
195859_A06_TDT5141141	Gambia_Fula	0.415745 0.042848 0.019065 0.256113 0.073723 0.038856 0.01008 0.14357
204224_H12_TDT5142225	Gambia_Fula	0.469428 0.046103 0.037041 0.180135 0.059974 0.065287 0.008948 0.133084
195852_A04_TDT5140830	Gambia_Fula	0.705603 0.000267 0.00001 0.167383 0.00001 0.011496 0.028248 0.086982
ffe10	Senegal_Fulani_Linguere	0.457262 0.047531 0.032821 0.273189 0.045279 0.070593 0.00001 0.073315
ffe15	Senegal_Fulani_Linguere	0.444349 0.056464 0.017851 0.284423 0.069927 0.0478 0.007906 0.071281
ffe12	Senegal_Fulani_Linguere	0.438122 0.046383 0.022525 0.276794 0.037696 0.078982 0.025476 0.074022
ffe06	Senegal_Fulani_Linguere	0.435624 0.044058 0.026427 0.303026 0.069612 0.045081 0.00001 0.076162
ffe24	Senegal_Fulani_Linguere	0.430712 0.049495 0.031808 0.301208 0.055972 0.060297 0.016191 0.054318
ffe21	Senegal_Fulani_Linguere	0.423368 0.041295 0.035481 0.328829 0.035637 0.064169 0.017176 0.054045
ffe32	Senegal_Fulani_Linguere	0.420714 0.038839 0.023665 0.322269 0.053575 0.050015 0.003829 0.087094
ffe20	Senegal_Fulani_Linguere	0.419965 0.052379 0.039262 0.291109 0.047349 0.060024 0.013871 0.076041
ffe23	Senegal_Fulani_Linguere	0.411862 0.044591 0.034006 0.327869 0.032165 0.066551 0.008579 0.074376
ffe22	Senegal_Fulani_Linguere	0.410966 0.051505 0.024794 0.301222 0.030371 0.070383 0.018497 0.092262
ffe28	Senegal_Fulani_Linguere	0.404999 0.045612 0.033022 0.287004 0.05324 0.063665 0.019838 0.092619
ffe16	Senegal_Fulani_Linguere	0.393438 0.035325 0.023261 0.307491 0.04227 0.066288 0.033378 0.09855
ffe13	Senegal_Fulani_Linguere	0.390128 0.027285 0.01607 0.390819 0.026188 0.040277 0.006676 0.102556
ffe30	Senegal_Fulani_Linguere	0.384082 0.042657 0.019003 0.317405 0.056397 0.048032 0.013286 0.119139
ffe02	Senegal_Fulani_Linguere	0.374684 0.048881 0.021751 0.317553 0.049053 0.053277 0.02056 0.11424
ffe14	Senegal_Fulani_Linguere	0.312295 0.019359 0.017286 0.407803 0.006001 0.014718 0.002357 0.220181
ffe03	Senegal_Fulani_Linguere	0.146975 0.011528 0.03393 0.458599 0.00001 0.029703 0.022487 0.296767
ffe01	Senegal_Fulani_Linguere	0.143973 0.023167 0.041279 0.548937 0.028413 0.008164 0.024069 0.181999
HAL23	Senegal_Halpularen	0.13964 0.030741 0.035705 0.691114 0.005798 0.003971 0.00001 0.093021
HAL22	Senegal_Halpularen	0.052593 0.026111 0.040831 0.685255 0.018659 0.00571 0.013337 0.157504
HAL33	Senegal_Halpularen	0.110122 0.020541 0.054 0.60445 0.010303 0.00001 0.001874 0.198701
HAL24	Senegal_Halpularen	0.096723 0.02247 0.030607 0.597127 0.021033 0.00001 0.021381 0.21065
HAL18	Senegal_Halpularen	0.154461 0.023713 0.046045 0.596101 0.004707 0.021133 0.00001 0.153829
HAL07	Senegal_Halpularen	0.08801 0.024016 0.039021 0.566336 0.017275 0.00001 0.024484 0.240847
HAL11	Senegal_Halpularen	0.151591 0.023947 0.024293 0.56472 0.028464 0.021855 0.003492 0.181638
HAL30	Senegal_Halpularen	0.099976 0.019524 0.048292 0.552473 0.005832 0.013952 0.024397 0.235555
HAL26	Senegal_Halpularen	0.123454 0.016748 0.036066 0.552008 0.014069 0.025029 0.026233 0.206393
HAL13	Senegal_Halpularen	0.125989 0.03829 0.043042 0.54619 0.017978 0.012629 0.01027 0.205612
HAL19	Senegal_Halpularen	0.156445 0.028991 0.039073 0.527015 0.008285 0.033129 0.014823 0.192239
HAL16	Senegal_Halpularen	0.132376 0.032617 0.049475 0.523491 0.006336 0.044278 0.014911 0.196515
HAL01	Senegal_Halpularen	0.155334 0.024102 0.034995 0.507622 0.024865 0.02384 0.008949 0.220292
HAL12	Senegal_Halpularen	0.16285 0.029647 0.040076 0.503871 0.00001 0.028113 0.024107 0.211325
HAL09	Senegal_Halpularen	0.176992 0.036028 0.045354 0.498683 0.025767 0.034208 0.00685 0.176118
HAL06	Senegal_Halpularen	0.193049 0.039813 0.034858 0.495211 0.027064 0.031141 0.020854 0.15801
HAL04	Senegal_Halpularen	0.182313 0.042812 0.052277 0.493417 0.052116 0.029938 0.011474 0.135652
HAL15	Senegal_Halpularen	0.198129 0.028691 0.055551 0.47302 0.032495 0.0269 0.010208 0.175005
HAL03	Senegal_Halpularen	0.216504 0.033522 0.02948 0.471976 0.037929 0.022777 0.019428 0.168384
HAL08	Senegal_Halpularen	0.166896 0.030398 0.034125 0.470798 0.046188 0.015365 0.019212 0.217018
HAL14	Senegal_Halpularen	0.203305 0.030137 0.037378 0.461135 0.041 0.020157 0.017325 0.189564
HAL20	Senegal_Halpularen	0.208311 0.038653 0.029153 0.45538 0.050805 0.03243 0.0171 0.168167
HAL17	Senegal_Halpularen	0.186709 0.027952 0.034535 0.438732 0.025732 0.021363 0.009656 0.255321
FFD33	Guinea_Fulani	0.070724 0.000504 0.000301 0.492447 0.00001 0.000223 0.036487 0.399303
FFD49	Guinea_Fulani	0.040793 0.00001 0.025599 0.445913 0.0022 0.001457 0.017783 0.466245
FFD12	Guinea_Fulani	0.012751 0.007732 0.033053 0.431561 0.004552 0.00001 0.022061 0.48828
FFD46	Guinea_Fulani	0.069007 0.011584 0.030704 0.417784 0.011897 0.002178 0.025175 0.431671
FFD36	Guinea_Fulani	0.261103 0.00001 0.008023 0.416695 0.000935 0.005365 0.022598 0.285272
FFD06	Guinea_Fulani	0.011094 0.00001 0.03093 0.414365 0.00001 0.000815 0.00659 0.536187
FFD42	Guinea_Fulani	0.044893 0.002188 0.02941 0.414305 0.004571 0.006617 0.039322 0.458693
FFD08	Guinea_Fulani	0.121588 0.008773 0.01608 0.408334 0.003329 0.020086 0.01003 0.411781
FFD37	Guinea_Fulani	0.085538 0.001594 0.015161 0.407786 0.00233 0.012796 0.033489 0.441306
FFD51	Guinea_Fulani	0.035642 0.006828 0.021593 0.407431 0.00001 0.00001 0.018564 0.509921
FFD32	Guinea_Fulani	0.22911 0.015044 0.013643 0.383844 0.023945 0.045599 0.020981 0.267835
FFD11	Guinea_Fulani	0.294267 0.00001 0.019017 0.379684 0.00001 0.01577 0.00001 0.291231
FFD10	Guinea_Fulani	0.215825 0.026507 0.00001 0.377627 0.030476 0.029166 0.03185 0.288539
FFD43	Guinea_Fulani	0.331584 0.008524 0.009333 0.376553 0.00001 0.009375 0.017776 0.246844
FFD04	Guinea_Fulani	0.236944 0.024143 0.02618 0.337902 0.030581 0.019595 0.030741 0.293914
FFD35	Guinea_Fulani	0.345373 0.028691 0.016556 0.324785 0.032359 0.048135 0.009943 0.194159
FFD09	Guinea_Fulani	0.341818 0.027649 0.007292 0.323021 0.044926 0.033805 0.015021 0.206467
FFD05	Guinea_Fulani	0.319392 0.039481 0.01931 0.321317 0.042395 0.044707 0.013392 0.200006
FFD47	Guinea_Fulani	0.376903 0.026143 0.01496 0.317058 0.046889 0.038479 0.022411 0.157155
FFD34	Guinea_Fulani	0.323915 0.040477 0.009449 0.314802 0.025447 0.037262 0.030893 0.217752
FFD48	Guinea_Fulani	0.38048 0.007435 0.00001 0.300502 0.008824 0.00001 0.005618 0.297121
FFD31	Guinea_Fulani	0.36437 0.041562 0.022241 0.299652 0.036244 0.063466 0.009503 0.162961
FFD13	Guinea_Fulani	0.295801 0.029298 0.032017 0.297375 0.031737 0.029697 0.02889 0.255186
FFD14	Guinea_Fulani	0.419287 0.046386 0.0107 0.296668 0.054969 0.047708 0.01822 0.106061
FFD07	Guinea_Fulani	0.396114 0.031412 0.02229 0.287161 0.049446 0.046454 0.003996 0.163126
FML27	Mali_Fulani_InnerDelta	0.854031 0.017139 0.00001 0.094865 0.018404 0.015531 0.00001 0.00001
FML31	Mali_Fulani_InnerDelta	0.824453 0.044864 0.00001 0.079823 0.020399 0.030431 0.00001 0.00001
FML24	Mali_Fulani_InnerDelta	0.755641 0.025005 0.00001 0.159797 0.004818 0.054709 0.00001 0.00001
FML21	Mali_Fulani_InnerDelta	0.498365 0.042464 0.000115 0.240464 0.069774 0.062284 0.013332 0.073201
FML04	Mali_Fulani_InnerDelta	0.492731 0.053562 0.044715 0.200083 0.057636 0.073254 0.006014 0.072005
FML06	Mali_Fulani_InnerDelta	0.471491 0.05591 0.023134 0.262294 0.06786 0.06055 0.00001 0.05875
FML11	Mali_Fulani_InnerDelta	0.470308 0.060083 0.041384 0.218537 0.083312 0.055271 0.007933 0.063172
FML13	Mali_Fulani_InnerDelta	0.456879 0.055605 0.029824 0.226721 0.055338 0.078621 0.022816 0.074196
FML18	Mali_Fulani_InnerDelta	0.454184 0.054587 0.017301 0.227678 0.05776 0.075572 0.016466 0.096453
FML10	Mali_Fulani_InnerDelta	0.452379 0.048159 0.013015 0.243644 0.053745 0.083638 0.02633 0.07909
FML08	Mali_Fulani_InnerDelta	0.448202 0.044832 0.024633 0.228031 0.057905 0.0954 0.01216 0.088837
FML07	Mali_Fulani_InnerDelta	0.443799 0.048264 0.017858 0.237467 0.067496 0.087186 0.013202 0.08473
FML16	Mali_Fulani_InnerDelta	0.441697 0.065893 0.032686 0.230511 0.065858 0.075812 0.00001 0.087533
FML03	Mali_Fulani_InnerDelta	0.435367 0.052801 0.037172 0.247715 0.063829 0.068502 0.011474 0.083139
FML33	Mali_Fulani_InnerDelta	0.41757 0.063827 0.027158 0.272616 0.015113 0.083706 0.000522 0.119488
FML02	Mali_Fulani_InnerDelta	0.295415 0.030799 0.026475 0.268594 0.028863 0.057876 0.010392 0.281586
FDia14	Mali_Fulani_Diafarabe	0.938937 0.020944 0.00001 0.040068 0.00001 0.00001 0.00001 0.00001
FDia15	Mali_Fulani_Diafarabe	0.675594 0.018606 0.038235 0.180073 0.00001 0.013818 0.00001 0.073655
FDia11	Mali_Fulani_Diafarabe	0.558921 0.015626 0.00001 0.20204 0.020908 0.010115 0.00001 0.19237
FDia34	Mali_Fulani_Diafarabe	0.493556 0.0484 0.02437 0.233573 0.051056 0.075231 0.013042 0.060772
FDia05	Mali_Fulani_Diafarabe	0.460462 0.056514 0.020144 0.243164 0.062441 0.059161 0.011239 0.086875
FDia40	Mali_Fulani_Diafarabe	0.450227 0.054303 0.019863 0.236699 0.068369 0.052047 0.004266 0.114226
FDia32	Mali_Fulani_Diafarabe	0.449823 0.053223 0.026379 0.231947 0.080166 0.054125 0.002441 0.101896
FDia22	Mali_Fulani_Diafarabe	0.442816 0.049631 0.021769 0.223283 0.070482 0.048851 0.008432 0.134737
FDia17	Mali_Fulani_Diafarabe	0.436163 0.040372 0.016515 0.249904 0.052299 0.047044 0.016144 0.141559
FDia36	Mali_Fulani_Diafarabe	0.422795 0.054979 0.030992 0.251444 0.069145 0.032711 0.00001 0.137924
FDia09	Mali_Fulani_Diafarabe	0.421894 0.048693 0.03179 0.244778 0.049393 0.045712 0.027298 0.130442
FDia06	Mali_Fulani_Diafarabe	0.410427 0.042345 0.012753 0.276465 0.043237 0.069292 0.005863 0.139617
FDia16	Mali_Fulani_Diafarabe	0.408857 0.043056 0.054333 0.237579 0.043507 0.04483 0.003372 0.164467
FDia38	Mali_Fulani_Diafarabe	0.398184 0.04478 0.031698 0.299281 0.028496 0.054499 0.025976 0.117087
FDia31	Mali_Fulani_Diafarabe	0.396155 0.03834 0.039696 0.226558 0.05518 0.046908 0.019546 0.177616
FDia41	Mali_Fulani_Diafarabe	0.382132 0.043732 0.046137 0.259631 0.041585 0.054465 0.016093 0.156224
FDia27	Mali_Fulani_Diafarabe	0.371979 0.046008 0.029477 0.251216 0.066146 0.048709 0.014172 0.172293
FDia07	Mali_Fulani_Diafarabe	0.357581 0.039522 0.04896 0.243672 0.044479 0.046612 0.009019 0.210154
FDia37	Mali_Fulani_Diafarabe	0.347838 0.044759 0.029671 0.252671 0.057893 0.036545 0.016722 0.213902
FDia25	Mali_Fulani_Diafarabe	0.311968 0.030425 0.033768 0.288949 0.036495 0.057469 0.008076 0.23285
FDia39	Mali_Fulani_Diafarabe	0.221646 0.015054 0.046375 0.256245 0.005017 0.03035 0.018842 0.406471
FDia08	Mali_Fulani_Diafarabe	0.206425 0.027292 0.04412 0.270412 0.034047 0.028022 0.026913 0.362769
FZR10	BurkinaFaso_Fulani_Ziniare	0.747499 0.00886 0.00001 0.100565 0.011309 0.014475 0.00528 0.112001
FZR06	BurkinaFaso_Fulani_Ziniare	0.693529 0.014099 0.017751 0.102125 0.015886 0.00001 0.016418 0.140182
FZR03	BurkinaFaso_Fulani_Ziniare	0.621425 0.010458 0.02438 0.143763 0.012226 0.00001 0.00001 0.187728
FZR04	BurkinaFaso_Fulani_Ziniare	0.597735 0.020819 0.0132 0.117311 0.00001 0.033486 0.00001 0.217429
FZR15	BurkinaFaso_Fulani_Ziniare	0.553873 0.049987 0.016262 0.172259 0.070538 0.052699 0.007108 0.077275
FZR14	BurkinaFaso_Fulani_Ziniare	0.537174 0.054136 0.02817 0.217861 0.053975 0.054889 0.002345 0.051451
FZR22	BurkinaFaso_Fulani_Ziniare	0.535572 0.052183 0.041015 0.177108 0.048393 0.058335 0.006023 0.08137
FZR17	BurkinaFaso_Fulani_Ziniare	0.525917 0.053357 0.018755 0.215941 0.042179 0.053246 0.018103 0.072503
FZR23	BurkinaFaso_Fulani_Ziniare	0.523916 0.058935 0.013371 0.202955 0.065803 0.045301 0.02 0.069719
FZR21	BurkinaFaso_Fulani_Ziniare	0.523548 0.054178 0.03466 0.187415 0.085333 0.048754 0.004103 0.062008
FZR13	BurkinaFaso_Fulani_Ziniare	0.522754 0.044196 0.009578 0.177745 0.071361 0.066183 0.013014 0.09517
FZR18	BurkinaFaso_Fulani_Ziniare	0.51403 0.052837 0.033606 0.198961 0.04826 0.073523 0.002438 0.076345
FZR19	BurkinaFaso_Fulani_Ziniare	0.507029 0.051771 0.019548 0.174084 0.06887 0.064334 0.02222 0.092144
FZR24	BurkinaFaso_Fulani_Ziniare	0.482404 0.058824 0.017144 0.193111 0.05522 0.045534 0.022731 0.125031
FZR39	BurkinaFaso_Fulani_Ziniare	0.448067 0.037432 0.037039 0.198703 0.060245 0.032845 0.013135 0.172534
FZR53	BurkinaFaso_Fulani_Ziniare	0.43327 0.033926 0.042397 0.214288 0.059364 0.052505 0.008633 0.155618
FZR20	BurkinaFaso_Fulani_Ziniare	0.428384 0.045523 0.034622 0.176168 0.029084 0.053928 0.026531 0.205761
FZR47	BurkinaFaso_Fulani_Ziniare	0.423536 0.037045 0.033162 0.198667 0.006186 0.066518 0.010666 0.22422
FZR01	BurkinaFaso_Fulani_Ziniare	0.423432 0.037129 0.036863 0.223552 0.043139 0.050042 0.019403 0.16644
FZR38	BurkinaFaso_Fulani_Ziniare	0.422166 0.040925 0.039024 0.253976 0.041484 0.050288 0.011499 0.140638
FZR46	BurkinaFaso_Fulani_Ziniare	0.411739 0.046402 0.045292 0.219849 0.047349 0.041918 0.000669 0.186782
FZR12	BurkinaFaso_Fulani_Ziniare	0.409665 0.043529 0.029177 0.2387 0.028903 0.050505 0.029315 0.170205
FZR27	BurkinaFaso_Fulani_Ziniare	0.407716 0.039363 0.024667 0.218607 0.051724 0.063875 0.010428 0.183619
FZR37	BurkinaFaso_Fulani_Ziniare	0.407023 0.04402 0.029898 0.214878 0.054433 0.043071 0.021236 0.185441
FZR44	BurkinaFaso_Fulani_Ziniare	0.400758 0.030378 0.015895 0.239004 0.035724 0.047904 0.035472 0.194866
FZR34	BurkinaFaso_Fulani_Ziniare	0.393249 0.053664 0.039423 0.237415 0.048727 0.042969 0.009155 0.175397
FZR16	BurkinaFaso_Fulani_Ziniare	0.388594 0.046307 0.020356 0.230027 0.049841 0.030037 0.01977 0.215067
FZR50	BurkinaFaso_Fulani_Ziniare	0.386872 0.034199 0.034198 0.223801 0.034606 0.044291 0.015011 0.227021
FZR40	BurkinaFaso_Fulani_Ziniare	0.386567 0.038728 0.036336 0.219767 0.05006 0.053588 0.018081 0.196873
FZR32	BurkinaFaso_Fulani_Ziniare	0.386 0.054431 0.032239 0.231335 0.045532 0.045178 0.015534 0.189751
FZR28	BurkinaFaso_Fulani_Ziniare	0.377558 0.041949 0.02654 0.28281 0.028268 0.044563 0.030255 0.168058
FZR48	BurkinaFaso_Fulani_Ziniare	0.376357 0.054984 0.047309 0.214963 0.049129 0.037897 0.00001 0.219351
FZR08	BurkinaFaso_Fulani_Ziniare	0.375978 0.042573 0.042647 0.208746 0.04945 0.033325 0.00001 0.247271
FZR30	BurkinaFaso_Fulani_Ziniare	0.371013 0.048489 0.049889 0.249932 0.055166 0.046466 0.00001 0.179035
FZR43	BurkinaFaso_Fulani_Ziniare	0.36809 0.048345 0.025545 0.239387 0.054456 0.043073 0.020183 0.200921
FZR26	BurkinaFaso_Fulani_Ziniare	0.367959 0.045119 0.028876 0.241769 0.0465 0.039676 0.030202 0.1999
FZR41	BurkinaFaso_Fulani_Ziniare	0.366347 0.041414 0.019809 0.229921 0.064059 0.024666 0.026973 0.226809
FZR33	BurkinaFaso_Fulani_Ziniare	0.363673 0.037037 0.03414 0.211697 0.046668 0.03774 0.010715 0.25833
FZR45	BurkinaFaso_Fulani_Ziniare	0.357741 0.037184 0.052524 0.21656 0.02703 0.026362 0.022215 0.260384
FZR02	BurkinaFaso_Fulani_Ziniare	0.353693 0.033335 0.037951 0.269643 0.03194 0.04854 0.013453 0.211444
FZR35	BurkinaFaso_Fulani_Ziniare	0.348939 0.041609 0.037188 0.202677 0.042907 0.04213 0.010228 0.274322
FZR29	BurkinaFaso_Fulani_Ziniare	0.346883 0.040993 0.04524 0.231103 0.045971 0.042191 0.009196 0.238424
FZR09	BurkinaFaso_Fulani_Ziniare	0.344284 0.033316 0.026838 0.244185 0.045344 0.027517 0.017475 0.26104
FZR55	BurkinaFaso_Fulani_Ziniare	0.332894 0.02793 0.019868 0.234406 0.027978 0.036874 0.027338 0.292712
FZR11	BurkinaFaso_Fulani_Ziniare	0.332104 0.038942 0.021678 0.243949 0.035195 0.067792 0.009162 0.251178
FZR49	BurkinaFaso_Fulani_Ziniare	0.331648 0.038152 0.025581 0.268334 0.032249 0.042165 0.012315 0.249554
FZR51	BurkinaFaso_Fulani_Ziniare	0.3269 0.04631 0.03771 0.250313 0.049659 0.043625 0.017348 0.228135
FZR42	BurkinaFaso_Fulani_Ziniare	0.323599 0.032197 0.035217 0.257298 0.047091 0.032087 0.020931 0.25158
FZR52	BurkinaFaso_Fulani_Ziniare	0.311307 0.030971 0.024035 0.236516 0.039489 0.040024 0.002242 0.315416
FZR54	BurkinaFaso_Fulani_Ziniare	0.309003 0.040078 0.036568 0.235234 0.022799 0.037622 0.017121 0.301574
FZR05	BurkinaFaso_Fulani_Ziniare	0.307476 0.04452 0.03772 0.2043 0.042301 0.044391 0.02214 0.297153
FZR07	BurkinaFaso_Fulani_Ziniare	0.300704 0.037493 0.035153 0.227386 0.029405 0.049075 0.020411 0.300374
FZR25	BurkinaFaso_Fulani_Ziniare	0.294765 0.030388 0.048513 0.223666 0.041817 0.025605 0.00001 0.335237
FZR31	BurkinaFaso_Fulani_Ziniare	0.279862 0.026079 0.037359 0.233112 0.026028 0.033951 0.023925 0.339683
FBan64	BurkinaFaso_Fulani_Banfora	0.99993 0.00001 0.00001 0.00001 0.00001 0.00001 0.00001 0.00001
FBan55	BurkinaFaso_Fulani_Banfora	0.979562 0.013635 0.00001 0.00001 0.00001 0.000011 0.00001 0.006752
FBan90	BurkinaFaso_Fulani_Banfora	0.925121 0.00001 0.00001 0.074818 0.00001 0.00001 0.00001 0.00001
FBan69	BurkinaFaso_Fulani_Banfora	0.867562 0.014721 0.00001 0.060602 0.006412 0.005397 0.00001 0.045287
FBan97	BurkinaFaso_Fulani_Banfora	0.545279 0.048204 0.017174 0.204563 0.060916 0.056823 0.018122 0.04892
FBan88	BurkinaFaso_Fulani_Banfora	0.53515 0.032221 0.020543 0.186252 0.03734 0.068281 0.014186 0.106027
Fban51	BurkinaFaso_Fulani_Banfora	0.52985 0.055231 0.029422 0.190399 0.047947 0.052245 0.00001 0.094897
FBan92	BurkinaFaso_Fulani_Banfora	0.52236 0.05333 0.015914 0.189798 0.05279 0.072266 0.00001 0.093532
FBan82	BurkinaFaso_Fulani_Banfora	0.520558 0.049124 0.019127 0.208717 0.068957 0.059445 0.012466 0.061606
FBan63	BurkinaFaso_Fulani_Banfora	0.514134 0.046099 0.041303 0.186649 0.057285 0.065006 0.018955 0.070569
FBan79	BurkinaFaso_Fulani_Banfora	0.507753 0.044233 0.020357 0.225463 0.023734 0.085335 0.012156 0.08097
FBan53	BurkinaFaso_Fulani_Banfora	0.506484 0.042176 0.023486 0.22594 0.06108 0.049046 0.007559 0.084229
FBan80	BurkinaFaso_Fulani_Banfora	0.505076 0.046621 0.027459 0.17135 0.056005 0.059087 0.016742 0.11766
FBan99	BurkinaFaso_Fulani_Banfora	0.50255 0.04193 0.011736 0.17087 0.062712 0.063651 0.014875 0.131676
FBan85	BurkinaFaso_Fulani_Banfora	0.495226 0.041731 0.021881 0.189586 0.060437 0.058095 0.011914 0.121129
FBan89	BurkinaFaso_Fulani_Banfora	0.48857 0.043969 0.02703 0.236423 0.031302 0.065829 0.018654 0.088223
FBan73	BurkinaFaso_Fulani_Banfora	0.482462 0.046716 0.021173 0.245976 0.043176 0.059129 0.006263 0.095104
FBan77	BurkinaFaso_Fulani_Banfora	0.421908 0.047109 0.035655 0.222488 0.029173 0.078519 0.007122 0.158026
FBan93	BurkinaFaso_Fulani_Banfora	0.416354 0.049287 0.024348 0.246837 0.04568 0.053411 0.004301 0.159782
Fban52	BurkinaFaso_Fulani_Banfora	0.403334 0.046654 0.034056 0.171833 0.05294 0.040894 0.006142 0.244146
ftin04	BurkinaFaso_Fulani_Tindangou	0.991761 0.000011 0.000308 0.007509 0.00001 0.00001 0.000381 0.00001
ftin02	BurkinaFaso_Fulani_Tindangou	0.911915 0.006008 0.000011 0.055408 0.000011 0.00001 0.00001 0.026627
ftin12	BurkinaFaso_Fulani_Tindangou	0.801211 0.00001 0.018542 0.11145 0.005823 0.00001 0.000165 0.06279
ftin29	BurkinaFaso_Fulani_Tindangou	0.555454 0.053243 0.015147 0.199132 0.052641 0.054663 0.017684 0.052037
